   0.00000000       0.00000000    
   1.53254382E-02   1.28503311E-02
   3.06508765E-02   2.56908610E-02
   4.59763147E-02   3.85215916E-02
   6.13017529E-02   5.13425246E-02
   7.66271949E-02   6.41536564E-02
   9.19526368E-02   7.69549906E-02
  0.107278079       8.97465199E-02
  0.122603521      0.102528252    
  0.137928963      0.115300186    
  0.153254405      0.128062323    
  0.168579847      0.140814662    
  0.183905289      0.153557196    
  0.199230731      0.166289926    
  0.214556172      0.179012865    
  0.229881614      0.191725999    
  0.245207056      0.204429328    
  0.260532498      0.217122853    
  0.275857925      0.229806587    
  0.291183352      0.242480516    
  0.306508780      0.255144656    
  0.321834207      0.267798990    
  0.337159634      0.280443519    
  0.352485061      0.293078244    
  0.367810488      0.305703163    
  0.383135915      0.318318307    
  0.398461342      0.330923647    
  0.413786769      0.343519181    
  0.429112196      0.356104910    
  0.444437623      0.368680835    
  0.459763050      0.381246954    
  0.475088477      0.393803298    
  0.490413904      0.406349838    
  0.505739331      0.418886572    
  0.521064758      0.431413502    
  0.536390185      0.443930626    
  0.551715612      0.456437945    
  0.567041039      0.468935490    
  0.582366467      0.481423229    
  0.597691894      0.493901163    
  0.613017321      0.506369293    
  0.628342748      0.518827617    
  0.643668175      0.531276166    
  0.658993602      0.543714881    
  0.674319029      0.556143820    
  0.689644456      0.568562925    
  0.704969883      0.580972254    
  0.720295310      0.593371809    
  0.735620737      0.605761528    
  0.750946164      0.618141472    
  0.766271591      0.630511582    
  0.781597018      0.642871916    
  0.796922445      0.655222476    
  0.812247872      0.667563200    
  0.827573299      0.679894149    
  0.842898726      0.692215264    
  0.858224154      0.704526603    
  0.873549581      0.716828108    
  0.888875008      0.729119837    
  0.904200435      0.741401792    
  0.919525862      0.753673911    
  0.934851289      0.765936255    
  0.950176716      0.778188765    
  0.965502143      0.790431499    
  0.980827570      0.802664459    
  0.996152997      0.814887583    
   1.01147842      0.827100933    
   1.02680385      0.839304447    
   1.04212928      0.851498187    
   1.05745471      0.863682091    
   1.07278013      0.875856221    
   1.08810556      0.888020575    
   1.10343099      0.900175095    
   1.11875641      0.912319839    
   1.13408184      0.924454749    
   1.14940727      0.936579883    
   1.16473269      0.948695242    
   1.18005812      0.960800767    
   1.19538355      0.972896516    
   1.21070898      0.984982431    
   1.22603440      0.997058570    
   1.24135983       1.00912488    
   1.25668526       1.02118146    
   1.27201068       1.03322816    
   1.28733611       1.04526508    
   1.30266154       1.05729222    
   1.31798697       1.06930959    
   1.33331239       1.08131719    
   1.34863782       1.09331489    
   1.36396325       1.10530281    
   1.37928867       1.11728096    
   1.39461410       1.12924933    
   1.40993953       1.14120781    
   1.42526495       1.15315652    
   1.44059038       1.16509545    
   1.45591581       1.17702460    
   1.47124124       1.18894398    
   1.48656666       1.20085347    
   1.50189209       1.21275318    
   1.51721752       1.22464311    
   1.53254294       1.23652327    
   1.54786837       1.24839365    
   1.56319380       1.26025414    
   1.57851923       1.27210486    
   1.59384465       1.28394580    
   1.60917008       1.29577696    
   1.62449551       1.30759835    
   1.63982093       1.31940985    
   1.65514636       1.33121157    
   1.67047179       1.34300351    
   1.68579721       1.35478568    
   1.70112264       1.36655807    
   1.71644807       1.37832057    
   1.73177350       1.39007330    
   1.74709892       1.40181625    
   1.76242435       1.41354942    
   1.77774978       1.42527270    
   1.79307520       1.43698621    
   1.80840063       1.44868994    
   1.82372606       1.46038389    
   1.83905149       1.47206807    
   1.85437691       1.48374236    
   1.86970234       1.49540687    
   1.88502777       1.50706160    
   1.90035319       1.51870656    
   1.91567862       1.53034174    
   1.93100405       1.54196703    
   1.94632947       1.55358255    
   1.96165490       1.56518829    
   1.97698033       1.57678425    
   1.99230576       1.58837044    
   2.00763130       1.59994674    
   2.02295685       1.61151326    
   2.03828239       1.62307000    
   2.05360794       1.63461697    
   2.06893349       1.64615417    
   2.08425903       1.65768147    
   2.09958458       1.66919899    
   2.11491013       1.68070674    
   2.13023567       1.69220471    
   2.14556122       1.70369279    
   2.16088676       1.71517110    
   2.17621231       1.72663963    
   2.19153786       1.73809838    
   2.20686340       1.74954736    
   2.22218895       1.76098645    
   2.23751450       1.77241576    
   2.25284004       1.78383529    
   2.26816559       1.79524505    
   2.28349113       1.80664504    
   2.29881668       1.81803513    
   2.31414223       1.82941544    
   2.32946777       1.84078598    
   2.34479332       1.85214674    
   2.36011887       1.86349773    
   2.37544441       1.87483883    
   2.39076996       1.88617015    
   2.40609550       1.89749169    
   2.42142105       1.90880346    
   2.43674660       1.92010546    
   2.45207214       1.93139756    
   2.46739769       1.94267988    
   2.48272324       1.95395243    
   2.49804878       1.96521521    
   2.51337433       1.97646809    
   2.52869987       1.98771119    
   2.54402542       1.99894452    
   2.55935097       2.01016808    
   2.57467651       2.02138186    
   2.59000206       2.03258586    
   2.60532761       2.04378009    
   2.62065315       2.05496454    
   2.63597870       2.06613898    
   2.65130424       2.07730365    
   2.66662979       2.08845854    
   2.68195534       2.09960365    
   2.69728088       2.11073899    
   2.71260643       2.12186456    
   2.72793198       2.13298035    
   2.74325752       2.14408636    
   2.75858307       2.15518260    
   2.77390862       2.16626883    
   2.78923416       2.17734528    
   2.80455971       2.18841195    
   2.81988525       2.19946885    
   2.83521080       2.21051598    
   2.85053635       2.22155333    
   2.86586189       2.23258090    
   2.88118744       2.24359870    
   2.89651299       2.25460672    
   2.91183853       2.26560497    
   2.92716408       2.27659321    
   2.94248962       2.28757167    
   2.95781517       2.29854035    
   2.97314072       2.30949926    
   2.98846626       2.32044840    
   3.00379181       2.33138776    
   3.01911736       2.34231734    
   3.03444290       2.35323715    
   3.04976845       2.36414719    
   3.06509399       2.37504721    
   3.08041954       2.38593745    
   3.09574509       2.39681792    
   3.11107063       2.40768862    
   3.12639618       2.41854954    
   3.14172173       2.42940068    
   3.15704727       2.44024205    
   3.17237282       2.45107365    
   3.18769836       2.46189547    
   3.20302391       2.47270751    
   3.21834946       2.48350954    
   3.23367500       2.49430180    
   3.24900055       2.50508428    
   3.26432610       2.51585698    
   3.27965164       2.52661991    
   3.29497719       2.53737307    
   3.31030273       2.54811645    
   3.32562828       2.55885005    
   3.34095383       2.56957388    
   3.35627937       2.58028793    
   3.37160492       2.59099197    
   3.38693047       2.60168624    
   3.40225601       2.61237073    
   3.41758156       2.62304544    
   3.43290710       2.63371038    
   3.44823265       2.64436555    
   3.46355820       2.65501094    
   3.47888374       2.66564655    
   3.49420929       2.67627239    
   3.50953484       2.68688822    
   3.52486038       2.69749427    
   3.54018593       2.70809054    
   3.55551147       2.71867704    
   3.57083702       2.72925377    
   3.58616257       2.73982072    
   3.60148811       2.75037789    
   3.61681366       2.76092529    
   3.63213921       2.77146292    
   3.64746475       2.78199077    
   3.66279030       2.79250860    
   3.67811584       2.80301666    
   3.69344139       2.81351495    
   3.70876694       2.82400346    
   3.72409248       2.83448219    
   3.73941803       2.84495115    
   3.75474358       2.85541034    
   3.77006912       2.86585975    
   3.78539467       2.87629938    
   3.80072021       2.88672924    
   3.81604576       2.89714909    
   3.83137131       2.90755916    
   3.84669685       2.91795945    
   3.86202240       2.92834997    
   3.87734795       2.93873072    
   3.89267349       2.94910169    
   3.90799904       2.95946288    
   3.92332458       2.96981430    
   3.93865013       2.98015594    
   3.95397568       2.99048758    
   3.96930122       3.00080943    
   3.98462677       3.01112151    
   3.99995232       3.02142382    
   4.01527786       3.03171635    
   4.03060341       3.04199910    
   4.04592896       3.05227208    
   4.06125450       3.06253529    
   4.07658005       3.07278872    
   4.09190559       3.08303237    
   4.10723114       3.09326601    
   4.12255669       3.10348988    
   4.13788223       3.11370397    
   4.15320778       3.12390828    
   4.16853333       3.13410282    
   4.18385887       3.14428759    
   4.19918442       3.15446258    
   4.21450996       3.16462779    
   4.22983551       3.17478323    
   4.24516106       3.18492866    
   4.26048660       3.19506431    
   4.27581215       3.20519018    
   4.29113770       3.21530628    
   4.30646324       3.22541261    
   4.32178879       3.23550916    
   4.33711433       3.24559593    
   4.35243988       3.25567293    
   4.36776543       3.26574016    
   4.38309097       3.27579761    
   4.39841652       3.28584504    
   4.41374207       3.29588270    
   4.42906761       3.30591059    
   4.44439316       3.31592870    
   4.45971870       3.32593703    
   4.47504425       3.33593559    
   4.49036980       3.34592438    
   4.50569534       3.35590339    
   4.52102089       3.36587262    
   4.53634644       3.37583208    
   4.55167198       3.38578153    
   4.56699753       3.39572120    
   4.58232307       3.40565109    
   4.59764862       3.41557121    
   4.61297417       3.42548156    
   4.62829971       3.43538213    
   4.64362526       3.44527292    
   4.65895081       3.45515394    
   4.67427635       3.46502519    
   4.68960190       3.47488642    
   4.70492744       3.48473787    
   4.72025299       3.49457955    
   4.73557854       3.50441146    
   4.75090408       3.51423359    
   4.76622963       3.52404594    
   4.78155518       3.53384852    
   4.79688072       3.54364133    
   4.81220627       3.55342436    
   4.82753181       3.56319761    
   4.84285736       3.57296085    
   4.85818291       3.58271432    
   4.87350845       3.59245801    
   4.88883400       3.60219193    
   4.90415955       3.61191607    
   4.91948509       3.62163043    
   4.93481064       3.63133502    
   4.95013618       3.64102983    
   4.96546173       3.65071487    
   4.98078728       3.66038990    
   4.99611282       3.67005515    
   5.01143837       3.67971063    
   5.02676392       3.68935633    
   5.04208946       3.69899225    
   5.05741501       3.70861840    
   5.07274055       3.71823478    
   5.08806610       3.72784138    
   5.10339165       3.73743820    
   5.11871719       3.74702525    
   5.13404274       3.75660229    
   5.14936829       3.76616955    
   5.16469383       3.77572703    
   5.18001938       3.78527474    
   5.19534492       3.79481268    
   5.21067047       3.80434084    
   5.22599602       3.81385922    
   5.24132156       3.82336783    
   5.25664711       3.83286667    
   5.27197266       3.84235573    
   5.28729820       3.85183477    
   5.30262375       3.86130404    
   5.31794930       3.87076354    
   5.33327484       3.88021326    
   5.34860039       3.88965321    
   5.36392593       3.89908338    
   5.37925148       3.90850377    
   5.39457703       3.91791439    
   5.40990257       3.92731524    
   5.42522812       3.93670607    
   5.44055367       3.94608712    
   5.45587921       3.95545840    
   5.47120476       3.96481991    
   5.48653030       3.97417164    
   5.50185585       3.98351359    
   5.51718140       3.99284577    
   5.53250694       4.00216818    
   5.54783249       4.01148081    
   5.56315804       4.02078342    
   5.57848358       4.03007650    
   5.59380913       4.03935957    
   5.60913467       4.04863310    
   5.62446022       4.05789661    
   5.63978577       4.06715059    
   5.65511131       4.07639456    
   5.67043686       4.08562851    
   5.68576241       4.09485292    
   5.70108795       4.10406733    
   5.71641350       4.11327219    
   5.73173904       4.12246704    
   5.74706459       4.13165236    
   5.76239014       4.14082766    
   5.77771568       4.14999342    
   5.79304123       4.15914917    
   5.80836678       4.16829491    
   5.82369232       4.17743111    
   5.83901787       4.18655729    
   5.85434341       4.19567394    
   5.86966896       4.20478058    
   5.88499451       4.21387768    
   5.90032005       4.22296476    
   5.91564560       4.23204231    
   5.93097115       4.24110985    
   5.94629669       4.25016737    
   5.96162224       4.25921535    
   5.97694778       4.26825333    
   5.99227333       4.27728176    
   6.00759888       4.28630018    
   6.02292442       4.29530907    
   6.03824997       4.30430794    
   6.05357552       4.31329727    
   6.06890106       4.32227659    
   6.08422661       4.33124638    
   6.09955215       4.34020615    
   6.11487770       4.34915590    
   6.13020325       4.35809612    
   6.14552879       4.36702633    
   6.16085434       4.37594700    
   6.17617989       4.38485765    
   6.19150543       4.39375877    
   6.20683098       4.40264988    
   6.22215652       4.41153145    
   6.23748207       4.42040300    
   6.25280762       4.42926455    
   6.26813316       4.43811655    
   6.28345871       4.44695854    
   6.29878426       4.45579100    
   6.31410980       4.46461344    
   6.32943535       4.47342634    
   6.34476089       4.48222923    
   6.36008644       4.49102259    
   6.37541199       4.49980593    
   6.39073753       4.50857925    
   6.40606308       4.51734304    
   6.42138863       4.52609682    
   6.43671417       4.53484106    
   6.45203972       4.54357529    
   6.46736526       4.55229998    
   6.48269081       4.56101465    
   6.49801636       4.56971979    
   6.51334190       4.57841492    
   6.52866745       4.58710003    
   6.54399300       4.59577560    
   6.55931854       4.60444117    
   6.57464409       4.61309719    
   6.58996964       4.62174320    
   6.60529518       4.63037968    
   6.62062073       4.63900614    
   6.63594627       4.64762306    
   6.65127182       4.65622997    
   6.66659737       4.66482735    
   6.68192291       4.67341471    
   6.69724846       4.68199205    
   6.71257401       4.69055986    
   6.72789955       4.69911766    
   6.74322510       4.70766592    
   6.75855064       4.71620417    
   6.77387619       4.72473288    
   6.78920174       4.73325157    
   6.80452728       4.74176073    
   6.81985283       4.75025988    
   6.83517838       4.75874901    
   6.85050392       4.76722860    
   6.86582947       4.77569818    
   6.88115501       4.78415823    
   6.89648056       4.79260826    
   6.91180611       4.80104876    
   6.92713165       4.80947924    
   6.94245720       4.81790018    
   6.95778275       4.82631111    
   6.97310829       4.83471203    
   6.98843384       4.84310341    
   7.00375938       4.85148478    
   7.01908493       4.85985661    
   7.03441048       4.86821842    
   7.04973602       4.87657070    
   7.06506157       4.88491297    
   7.08038712       4.89324570    
   7.09571266       4.90156841    
   7.11103821       4.90988159    
   7.12636375       4.91818476    
   7.14168930       4.92647791    
   7.15701485       4.93476152    
   7.17234039       4.94303513    
   7.18766594       4.95129919    
   7.20299149       4.95955324    
   7.21831703       4.96779776    
   7.23364258       4.97603226    
   7.24896812       4.98425722    
   7.26429367       4.99247217    
   7.27961922       5.00067711    
   7.29494476       5.00887251    
   7.31027031       5.01705790    
   7.32559586       5.02523375    
   7.34092140       5.03339958    
   7.35624695       5.04155588    
   7.37157249       5.04970217    
   7.38689804       5.05783892    
   7.40222359       5.06596565    
   7.41754913       5.07408237    
   7.43287468       5.08218956    
   7.44820023       5.09028673    
   7.46352577       5.09837437    
   7.47885132       5.10645199    
   7.49417686       5.11452007    
   7.50950241       5.12257814    
   7.52482796       5.13062668    
   7.54015350       5.13866520    
   7.55547905       5.14669418    
   7.57080460       5.15471315    
   7.58613014       5.16272211    
   7.60145569       5.17072153    
   7.61678123       5.17871094    
   7.63210678       5.18669081    
   7.64743233       5.19466066    
   7.66275787       5.20262098    
   7.67808342       5.21057129    
   7.69340897       5.21851206    
   7.70873451       5.22644281    
   7.72406006       5.23436356    
   7.73938560       5.24227476    
   7.75471115       5.25017595    
   7.77003670       5.25806761    
   7.78536224       5.26594925    
   7.80068779       5.27382135    
   7.81601334       5.28168344    
   7.83133888       5.28953600    
   7.84666443       5.29737854    
   7.86198997       5.30521107    
   7.87731552       5.31303406    
   7.89264107       5.32084703    
   7.90796661       5.32865047    
   7.92329216       5.33644390    
   7.93861771       5.34422779    
   7.95394325       5.35200167    
   7.96926880       5.35976601    
   7.98459435       5.36752033    
   7.99991989       5.37526512    
   8.01524544       5.38299990    
   8.03057098       5.39072466    
   8.04589653       5.39843988    
   8.06122208       5.40614510    
   8.07654762       5.41384077    
   8.09187317       5.42152643    
   8.10719872       5.42920256    
   8.12252426       5.43686867    
   8.13784981       5.44452524    
   8.15317535       5.45217180    
   8.16850090       5.45980835    
   8.18382645       5.46743536    
   8.19915199       5.47505236    
   8.21447754       5.48265982    
   8.22980309       5.49025726    
   8.24512863       5.49784517    
   8.26045418       5.50542307    
   8.27577972       5.51299143    
   8.29110527       5.52054977    
   8.30643082       5.52809811    
   8.32175636       5.53563690    
   8.33708191       5.54316568    
   8.35240746       5.55068493    
   8.36773300       5.55819416    
   8.38305855       5.56569386    
   8.39838409       5.57318354    
   8.41370964       5.58066368    
   8.42903519       5.58813381    
   8.44436073       5.59559393    
   8.45968628       5.60304451    
   8.47501183       5.61048508    
   8.49033737       5.61791611    
   8.50566292       5.62533712    
   8.52098846       5.63274860    
   8.53631401       5.64015007    
   8.55163956       5.64754200    
   8.56696510       5.65492392    
   8.58229065       5.66229630    
   8.59761620       5.66965866    
   8.61294174       5.67701101    
   8.62826729       5.68435383    
   8.64359283       5.69168663    
   8.65891838       5.69900990    
   8.67424393       5.70632315    
   8.68956947       5.71362686    
   8.70489502       5.72092056    
   8.72022057       5.72820473    
   8.73554611       5.73547888    
   8.75087166       5.74274302    
   8.76619720       5.74999762    
   8.78152275       5.75724220    
   8.79684830       5.76447725    
   8.81217384       5.77170229    
   8.82749939       5.77891779    
   8.84282494       5.78612328    
   8.85815048       5.79331923    
   8.87347603       5.80050516    
   8.88880157       5.80768108    
   8.90412712       5.81484747    
   8.91945267       5.82200384    
   8.93477821       5.82915068    
   8.95010376       5.83628750    
   8.96542931       5.84341478    
   8.98075485       5.85053205    
   8.99608040       5.85763979    
   9.01140594       5.86473751    
   9.02673149       5.87182570    
   9.04205704       5.87890387    
   9.05738258       5.88597202    
   9.07270813       5.89303064    
   9.08803368       5.90007925    
   9.10335922       5.90711832    
   9.11868477       5.91414738    
   9.13401031       5.92116690    
   9.14933586       5.92817640    
   9.16466141       5.93517637    
   9.17998695       5.94216633    
   9.19531250       5.94914627    
   9.21063805       5.95611668    
   9.22596359       5.96307707    
   9.24128914       5.97002792    
   9.25661469       5.97696877    
   9.27194023       5.98390007    
   9.28726578       5.99082136    
   9.30259132       5.99773312    
   9.31791687       6.00463486    
   9.33324242       6.01152658    
   9.34856796       6.01840878    
   9.36389351       6.02528095    
   9.37921906       6.03214359    
   9.39454460       6.03899622    
   9.40987015       6.04583931    
   9.42519569       6.05267239    
   9.44052124       6.05949593    
   9.45584679       6.06630945    
   9.47117233       6.07311344    
   9.48649788       6.07990742    
   9.50182343       6.08669138    
   9.51714897       6.09346581    
   9.53247452       6.10023022    
   9.54780006       6.10698509    
   9.56312561       6.11372995    
   9.57845116       6.12046528    
   9.59377670       6.12719059    
   9.60910225       6.13390636    
   9.62442780       6.14061213    
   9.63975334       6.14730787    
   9.65507889       6.15399408    
   9.67040443       6.16067028    
   9.68572998       6.16733694    
   9.70105553       6.17399359    
   9.71638107       6.18064070    
   9.73170662       6.18727779    
   9.74703217       6.19390535    
   9.76235771       6.20052290    
   9.77768326       6.20713043    
   9.79300880       6.21372843    
   9.80833435       6.22031641    
   9.82365990       6.22689486    
   9.83898544       6.23346329    
   9.85431099       6.24002218    
   9.86963654       6.24657106    
   9.88496208       6.25311041    
   9.90028763       6.25963974    
   9.91561317       6.26615953    
   9.93093872       6.27266932    
   9.94626427       6.27916908    
   9.96158981       6.28565931    
   9.97691536       6.29213953    
   9.99224091       6.29861021    
   10.0075665       6.30507088    
   10.0228920       6.31152201    
   10.0382175       6.31796312    
   10.0535431       6.32439470    
   10.0688686       6.33081627    
   10.0841942       6.33722782    
   10.0995197       6.34362984    
   10.1148453       6.35002184    
   10.1301708       6.35640430    
   10.1454964       6.36277676    
   10.1608219       6.36913967    
   10.1761475       6.37549257    
   10.1914730       6.38183594    
   10.2067986       6.38816929    
   10.2221241       6.39449263    
   10.2374496       6.40080643    
   10.2527752       6.40711021    
   10.2681007       6.41340446    
   10.2834263       6.41968870    
   10.2987518       6.42596340    
   10.3140774       6.43222809    
   10.3294029       6.43848324    
   10.3447285       6.44472837    
   10.3600540       6.45096350    
   10.3753796       6.45718908    
   10.3907051       6.46340466    
   10.4060307       6.46961069    
   10.4213562       6.47580671    
   10.4366817       6.48199320    
   10.4520073       6.48816967    
   10.4673328       6.49433661    
   10.4826584       6.50049353    
   10.4979839       6.50664091    
   10.5133095       6.51277828    
   10.5286350       6.51890564    
   10.5439606       6.52502346    
   10.5592861       6.53113127    
   10.5746117       6.53722954    
   10.5899372       6.54331779    
   10.6052628       6.54939651    
   10.6205883       6.55546522    
   10.6359138       6.56152439    
   10.6512394       6.56757355    
   10.6665649       6.57361269    
   10.6818905       6.57964230    
   10.6972160       6.58566189    
   10.7125416       6.59167194    
   10.7278671       6.59767199    
   10.7431927       6.60366249    
   10.7585182       6.60964298    
   10.7738438       6.61561394    
   10.7891693       6.62157488    
   10.8044949       6.62752581    
   10.8198204       6.63346720    
   10.8351460       6.63939857    
   10.8504715       6.64532042    
   10.8657970       6.65123224    
   10.8811226       6.65713453    
   10.8964481       6.66302681    
   10.9117737       6.66890955    
   10.9270992       6.67478228    
   10.9424248       6.68064547    
   10.9577503       6.68649864    
   10.9730759       6.69234180    
   10.9884014       6.69817543    
   11.0037270       6.70399904    
   11.0190525       6.70981312    
   11.0343781       6.71561718    
   11.0497036       6.72141171    
   11.0650291       6.72719622    
   11.0803547       6.73297119    
   11.0956802       6.73873615    
   11.1110058       6.74449110    
   11.1263313       6.75023651    
   11.1416569       6.75597191    
   11.1569824       6.76169777    
   11.1723080       6.76741362    
   11.1876335       6.77311993    
   11.2029591       6.77881622    
   11.2182846       6.78450298    
   11.2336102       6.79017973    
   11.2489357       6.79584646    
   11.2642612       6.80150366    
   11.2795868       6.80715084    
   11.2949123       6.81278849    
   11.3102379       6.81841612    
   11.3255634       6.82403421    
   11.3408890       6.82964230    
   11.3562145       6.83524084    
   11.3715401       6.84082937    
   11.3868656       6.84640837    
   11.4021912       6.85197735    
   11.4175167       6.85753632    
   11.4328423       6.86308575    
   11.4481678       6.86862516    
   11.4634933       6.87415504    
   11.4788189       6.87967491    
   11.4941444       6.88518524    
   11.5094700       6.89068556    
   11.5247955       6.89617634    
   11.5401211       6.90165710    
   11.5554466       6.90712786    
   11.5707722       6.91258907    
   11.5860977       6.91804028    
   11.6014233       6.92348194    
   11.6167488       6.92891359    
   11.6320744       6.93433571    
   11.6473999       6.93974781    
   11.6627254       6.94515038    
   11.6780510       6.95054293    
   11.6933765       6.95592546    
   11.7087021       6.96129847    
   11.7240276       6.96666145    
   11.7393532       6.97201490    
   11.7546787       6.97735834    
   11.7700043       6.98269224    
   11.7853298       6.98801613    
   11.8006554       6.99333048    
   11.8159809       6.99863482    
   11.8313065       7.00392962    
   11.8466320       7.00921440    
   11.8619576       7.01448917    
   11.8772831       7.01975441    
   11.8926086       7.02500963    
   11.9079342       7.03025532    
   11.9232597       7.03549099    
   11.9385853       7.04071712    
   11.9539108       7.04593325    
   11.9692364       7.05113983    
   11.9845619       7.05633640    
   11.9998875       7.06152296    
   12.0152130       7.06669998    
   12.0305386       7.07186699    
   12.0458641       7.07702446    
   12.0611897       7.08217192    
   12.0765152       7.08730984    
   12.0918407       7.09243774    
   12.1071663       7.09755611    
   12.1224918       7.10266447    
   12.1378174       7.10776281    
   12.1531429       7.11285162    
   12.1684685       7.11793041    
   12.1837940       7.12299967    
   12.1991196       7.12805891    
   12.2144451       7.13310862    
   12.2297707       7.13814831    
   12.2450962       7.14317846    
   12.2604218       7.14819860    
   12.2757473       7.15320873    
   12.2910728       7.15820932    
   12.3063984       7.16319990    
   12.3217239       7.16818094    
   12.3370495       7.17315197    
   12.3523750       7.17811346    
   12.3677006       7.18306494    
   12.3830261       7.18800688    
   12.3983517       7.19293880    
   12.4136772       7.19786119    
   12.4290028       7.20277357    
   12.4443283       7.20767593    
   12.4596539       7.21256876    
   12.4749794       7.21745157    
   12.4903049       7.22232485    
   12.5056305       7.22718811    
   12.5209560       7.23204184    
   12.5362816       7.23688555    
   12.5516071       7.24171972    
   12.5669327       7.24654388    
   12.5822582       7.25135803    
   12.5975838       7.25616264    
   12.6129093       7.26095724    
   12.6282349       7.26574230    
   12.6435604       7.27051735    
   12.6588860       7.27528286    
   12.6742115       7.28003836    
   12.6895370       7.28478432    
   12.7048626       7.28952026    
   12.7201881       7.29424620    
   12.7355137       7.29896259    
   12.7508392       7.30366898    
   12.7661648       7.30836582    
   12.7814903       7.31305265    
   12.7968159       7.31772995    
   12.8121414       7.32239723    
   12.8274670       7.32705498    
   12.8427925       7.33170271    
   12.8581181       7.33634090    
   12.8734436       7.34096909    
   12.8887691       7.34558725    
   12.9040947       7.35019588    
   12.9194202       7.35479450    
   12.9347458       7.35938358    
   12.9500713       7.36396265    
   12.9653969       7.36853218    
   12.9807224       7.37309170    
   12.9960480       7.37764168    
   13.0113735       7.38218164    
   13.0266991       7.38671160    
   13.0420246       7.39123201    
   13.0573502       7.39574242    
   13.0726757       7.40024328    
   13.0880013       7.40473413    
   13.1033268       7.40921545    
   13.1186523       7.41368675    
   13.1339779       7.41814852    
   13.1493034       7.42260027    
   13.1646290       7.42704201    
   13.1799545       7.43147421    
   13.1952801       7.43589640    
   13.2106056       7.44030905    
   13.2259312       7.44471169    
   13.2412567       7.44910479    
   13.2565823       7.45348787    
   13.2719078       7.45786142    
   13.2872334       7.46222496    
   13.3025589       7.46657896    
   13.3178844       7.47092295    
   13.3332100       7.47525692    
   13.3485355       7.47958136    
   13.3638611       7.48389578    
   13.3791866       7.48820066    
   13.3945122       7.49249554    
   13.4098377       7.49678087    
   13.4251633       7.50105619    
   13.4404888       7.50532198    
   13.4558144       7.50957775    
   13.4711399       7.51382351    
   13.4864655       7.51805973    
   13.5017910       7.52228594    
   13.5171165       7.52650261    
   13.5324421       7.53070927    
   13.5477676       7.53490639    
   13.5630932       7.53909349    
   13.5784187       7.54327106    
   13.5937443       7.54743862    
   13.6090698       7.55159616    
   13.6243954       7.55574417    
   13.6397209       7.55988216    
   13.6550465       7.56401062    
   13.6703720       7.56812906    
   13.6856976       7.57223797    
   13.7010231       7.57633686    
   13.7163486       7.58042622    
   13.7316742       7.58450556    
   13.7469997       7.58857536    
   13.7623253       7.59263515    
   13.7776508       7.59668493    
   13.7929764       7.60072517    
   13.8083019       7.60475540    
   13.8236275       7.60877609    
   13.8389530       7.61278677    
   13.8542786       7.61678791    
   13.8696041       7.62077904    
   13.8849297       7.62476063    
   13.9002552       7.62873220    
   13.9155807       7.63269377    
   13.9309063       7.63664579    
   13.9462318       7.64058781    
   13.9615574       7.64452028    
   13.9768829       7.64844275    
   13.9922085       7.65235567    
   14.0075340       7.65625858    
   14.0228596       7.66015196    
   14.0381851       7.66403532    
   14.0535107       7.66790867    
   14.0688362       7.67177248    
   14.0841618       7.67562628    
   14.0994873       7.67947054    
   14.1148129       7.68330479    
   14.1301384       7.68712950    
   14.1454639       7.69094419    
   14.1607895       7.69474936    
   14.1761150       7.69854450    
   14.1914406       7.70232964    
   14.2067661       7.70610523    
   14.2220917       7.70987082    
   14.2374172       7.71362686    
   14.2527428       7.71737289    
   14.2680683       7.72110939    
   14.2833939       7.72483587    
   14.2987194       7.72855282    
   14.3140450       7.73225975    
   14.3293705       7.73595715    
   14.3446960       7.73964453    
   14.3600216       7.74332190    
   14.3753471       7.74698973    
   14.3906727       7.75064754    
   14.4059982       7.75429583    
   14.4213238       7.75793409    
   14.4366493       7.76156282    
   14.4519749       7.76518154    
   14.4673004       7.76879072    
   14.4826260       7.77238989    
   14.4979515       7.77597904    
   14.5132771       7.77955866    
   14.5286026       7.78312826    
   14.5439281       7.78668833    
   14.5592537       7.79023838    
   14.5745792       7.79377890    
   14.5899048       7.79730940    
   14.6052303       7.80083036    
   14.6205559       7.80434132    
   14.6358814       7.80784225    
   14.6512070       7.81133366    
   14.6665325       7.81481504    
   14.6818581       7.81828690    
   14.6971836       7.82174873    
   14.7125092       7.82520103    
   14.7278347       7.82864332    
   14.7431602       7.83207607    
   14.7584858       7.83549881    
   14.7738113       7.83891201    
   14.7891369       7.84231520    
   14.8044624       7.84570837    
   14.8197880       7.84909201    
   14.8351135       7.85246563    
   14.8504391       7.85582972    
   14.8657646       7.85918379    
   14.8810902       7.86252832    
   14.8964157       7.86586285    
   14.9117413       7.86918783    
   14.9270668       7.87250280    
   14.9423923       7.87580776    
   14.9577179       7.87910318    
   14.9730434       7.88238859    
   14.9883690       7.88566446    
   15.0036945       7.88893032    
   15.0190201       7.89218664    
   15.0343456       7.89543295    
   15.0496712       7.89866972    
   15.0649967       7.90189648    
   15.0803223       7.90511322    
   15.0956478       7.90832043    
   15.1109734       7.91151762    
   15.1262989       7.91470528    
   15.1416245       7.91788292    
   15.1569500       7.92105103    
   15.1722755       7.92420912    
   15.1876011       7.92735767    
   15.2029266       7.93049622    
   15.2182522       7.93362522    
   15.2335777       7.93674421    
   15.2489033       7.93985319    
   15.2642288       7.94295263    
   15.2795544       7.94604206    
   15.2948799       7.94912195    
   15.3102055       7.95219183    
   15.3255310       7.95525217    
   15.3408566       7.95830250    
   15.3561821       7.96134329    
   15.3715076       7.96437407    
   15.3868332       7.96739483    
   15.4021587       7.97040606    
   15.4174843       7.97340727    
   15.4328098       7.97639894    
   15.4481354       7.97938061    
   15.4634609       7.98235273    
   15.4787865       7.98531485    
   15.4941120       7.98826742    
   15.5094376       7.99120998    
   15.5247631       7.99414253    
   15.5400887       7.99706554    
   15.5554142       7.99997854    
   15.5707397       8.00288200    
   15.5860653       8.00577545    
   15.6013908       8.00865936    
   15.6167164       8.01153374    
   15.6320419       8.01439762    
   15.6473675       8.01725197    
   15.6626930       8.02009678    
   15.6780186       8.02293110    
   15.6933441       8.02575588    
   15.7086697       8.02857113    
   15.7239952       8.03137684    
   15.7393208       8.03417206    
   15.7546463       8.03695774    
   15.7699718       8.03973389    
   15.7852974       8.04250050    
   15.8006229       8.04525661    
   15.8159485       8.04800320    
   15.8312740       8.05074024    
   15.8465996       8.05346680    
   15.8619251       8.05618382    
   15.8772507       8.05889130    
   15.8925762       8.06158924    
   15.9079018       8.06427670    
   15.9232273       8.06695461    
   15.9385529       8.06962299    
   15.9538784       8.07228184    
   15.9692039       8.07493019    
   15.9845295       8.07756901    
   15.9998550       8.08019829    
   16.0151806       8.08281708    
   16.0305061       8.08542633    
   16.0458317       8.08802605    
   16.0611572       8.09061623    
   16.0764828       8.09319592    
   16.0918083       8.09576607    
   16.1071339       8.09832668    
   16.1224594       8.10087681    
   16.1377850       8.10341740    
   16.1531105       8.10594845    
   16.1684361       8.10846996    
   16.1837616       8.11098099    
   16.1990871       8.11348248    
   16.2144127       8.11597443    
   16.2297382       8.11845684    
   16.2450638       8.12092876    
   16.2603893       8.12339115    
   16.2757149       8.12584400    
   16.2910404       8.12828636    
   16.3063660       8.13071918    
   16.3216915       8.13314247    
   16.3370171       8.13555622    
   16.3523426       8.13795948    
   16.3676682       8.14035320    
   16.3829937       8.14273739    
   16.3983192       8.14511204    
   16.4136448       8.14747620    
   16.4289703       8.14983082    
   16.4442959       8.15217590    
   16.4596214       8.15451050    
   16.4749470       8.15683556    
   16.4902725       8.15915108    
   16.5055981       8.16145706    
   16.5209236       8.16375256    
   16.5362492       8.16603851    
   16.5515747       8.16831493    
   16.5669003       8.17058086    
   16.5822258       8.17283726    
   16.5975513       8.17508411    
   16.6128769       8.17732143    
   16.6282024       8.17954826    
   16.6435280       8.18176556    
   16.6588535       8.18397331    
   16.6741791       8.18617153    
   16.6895046       8.18835926    
   16.7048302       8.19053745    
   16.7201557       8.19270611    
   16.7354813       8.19486427    
   16.7508068       8.19701290    
   16.7661324       8.19915199    
   16.7814579       8.20128155    
   16.7967834       8.20340061    
   16.8121090       8.20551014    
   16.8274345       8.20761013    
   16.8427601       8.20969963    
   16.8580856       8.21177959    
   16.8734112       8.21385002    
   16.8887367       8.21591091    
   16.9040623       8.21796131    
   16.9193878       8.22000217    
   16.9347134       8.22203350    
   16.9500389       8.22405529    
   16.9653645       8.22606659    
   16.9806900       8.22806835    
   16.9960155       8.23006058    
   17.0113411       8.23204231    
   17.0266666       8.23401451    
   17.0419922       8.23597717    
   17.0573177       8.23793030    
   17.0726433       8.23987293    
   17.0879688       8.24180603    
   17.1032944       8.24372959    
   17.1186199       8.24564362    
   17.1339455       8.24754715    
   17.1492710       8.24944115    
   17.1645966       8.25132561    
   17.1799221       8.25319958    
   17.1952477       8.25506401    
   17.2105732       8.25691891    
   17.2258987       8.25876427    
   17.2412243       8.26059914    
   17.2565498       8.26242447    
   17.2718754       8.26424026    
   17.2872009       8.26604557    
   17.3025265       8.26784134    
   17.3178520       8.26962757    
   17.3331776       8.27140427    
   17.3485031       8.27317047    
   17.3638287       8.27492714    
   17.3791542       8.27667427    
   17.3944798       8.27841187    
   17.4098053       8.28013897    
   17.4251308       8.28185654    
   17.4404564       8.28356457    
   17.4557819       8.28526211    
   17.4711075       8.28695011    
   17.4864330       8.28862858    
   17.5017586       8.29029751    
   17.5170841       8.29195595    
   17.5324097       8.29360485    
   17.5477352       8.29524422    
   17.5630608       8.29687405    
   17.5783863       8.29849339    
   17.5937119       8.30010319    
   17.6090374       8.30170345    
   17.6243629       8.30329323    
   17.6396885       8.30487347    
   17.6550140       8.30644417    
   17.6703396       8.30800533    
   17.6856651       8.30955601    
   17.7009907       8.31109715    
   17.7163162       8.31262875    
   17.7316418       8.31414986    
   17.7469673       8.31566143    
   17.7622929       8.31716347    
   17.7776184       8.31865597    
   17.7929440       8.32013798    
   17.8082695       8.32161045    
   17.8235950       8.32307339    
   17.8389206       8.32452679    
   17.8542461       8.32596970    
   17.8695717       8.32740307    
   17.8848972       8.32882690    
   17.9002228       8.33024025    
   17.9155483       8.33164406    
   17.9308739       8.33303833    
   17.9461994       8.33442307    
   17.9615250       8.33579731    
   17.9768505       8.33716202    
   17.9921761       8.33851719    
   18.0075016       8.33986282    
   18.0228271       8.34119797    
   18.0381527       8.34252357    
   18.0534782       8.34383965    
   18.0688038       8.34514523    
   18.0841293       8.34644127    
   18.0994549       8.34772778    
   18.1147804       8.34900475    
   18.1301060       8.35027122    
   18.1454315       8.35152817    
   18.1607571       8.35277557    
   18.1760826       8.35401249    
   18.1914082       8.35523987    
   18.2067337       8.35645771    
   18.2220592       8.35766602    
   18.2373848       8.35886383    
   18.2527103       8.36005211    
   18.2680359       8.36123085    
   18.2833614       8.36240005    
   18.2986870       8.36355877    
   18.3140125       8.36470795    
   18.3293381       8.36584759    
   18.3446636       8.36697674    
   18.3599892       8.36809635    
   18.3753147       8.36920643    
   18.3906403       8.37030697    
   18.4059658       8.37139702    
   18.4212914       8.37247753    
   18.4366169       8.37354851    
   18.4519424       8.37460995    
   18.4672680       8.37566090    
   18.4825935       8.37670231    
   18.4979191       8.37773418    
   18.5132446       8.37875557    
   18.5285702       8.37976742    
   18.5438957       8.38076973    
   18.5592213       8.38176250    
   18.5745468       8.38274479    
   18.5898724       8.38371754    
   18.6051979       8.38468075    
   18.6205235       8.38563347    
   18.6358490       8.38657665    
   18.6511745       8.38751030    
   18.6665001       8.38843441    
   18.6818256       8.38934803    
   18.6971512       8.39025211    
   18.7124767       8.39114666    
   18.7278023       8.39203167    
   18.7431278       8.39290619    
   18.7584534       8.39377117    
   18.7737789       8.39462662    
   18.7891045       8.39547157    
   18.8044300       8.39630699    
   18.8197556       8.39713287    
   18.8350811       8.39794922    
   18.8504066       8.39875507    
   18.8657322       8.39955139    
   18.8810577       8.40033817    
   18.8963833       8.40111542    
   18.9117088       8.40188217    
   18.9270344       8.40263939    
   18.9423599       8.40338707    
   18.9576855       8.40412426    
   18.9730110       8.40485191    
   18.9883366       8.40557003    
   19.0036621       8.40627861    
   19.0189877       8.40697670    
   19.0343132       8.40766525    
   19.0496387       8.40834427    
   19.0649643       8.40901279    
   19.0802898       8.40967178    
   19.0956154       8.41032124    
   19.1109409       8.41096115    
   19.1262665       8.41159058    
   19.1415920       8.41221046    
   19.1569176       8.41282082    
   19.1722431       8.41342163    
   19.1875687       8.41401196    
   19.2028942       8.41459274    
   19.2182198       8.41516399    
   19.2335453       8.41572475    
   19.2488708       8.41627598    
   19.2641964       8.41681767    
   19.2795219       8.41734982    
   19.2948475       8.41787148    
   19.3101730       8.41838360    
   19.3254986       8.41888618    
   19.3408241       8.41937923    
   19.3561497       8.41986179    
   19.3714752       8.42033482    
   19.3868008       8.42079830    
   19.4021263       8.42125130    
   19.4174519       8.42169476    
   19.4327774       8.42212868    
   19.4481030       8.42255306    
   19.4634285       8.42296696    
   19.4787540       8.42337132    
   19.4940796       8.42376614    
   19.5094051       8.42415047    
   19.5247307       8.42452526    
   19.5400562       8.42489052    
   19.5553818       8.42524624    
   19.5707073       8.42559147    
   19.5860329       8.42592716    
   19.6013584       8.42625332    
   19.6166840       8.42656994    
   19.6320095       8.42687607    
   19.6473351       8.42717266    
   19.6626606       8.42745972    
   19.6779861       8.42773628    
   19.6933117       8.42800331    
   19.7086372       8.42826080    
   19.7239628       8.42850876    
   19.7392883       8.42874622    
   19.7546139       8.42897415    
   19.7699394       8.42919254    
   19.7852650       8.42940140    
   19.8005905       8.42959976    
   19.8159161       8.42978859    
   19.8312416       8.42996788    
   19.8465672       8.43013668    
   19.8618927       8.43029594    
   19.8772182       8.43044567    
   19.8925438       8.43058586    
   19.9078693       8.43071556    
   19.9231949       8.43083572    
   19.9385204       8.43094635    
   19.9538460       8.43104649    
   19.9691715       8.43113708    
   19.9844971       8.43121815    
   19.9998226       8.43128967    
   20.0151482       8.43135071    
   20.0304737       8.43140221    
   20.0457993       8.43144417    
   20.0611248       8.43147659    
   20.0764503       8.43149853    
   20.0917759       8.43151093    
   20.1071014       8.43151379    
   20.1224270       8.43150616    
   20.1377525       8.43148899    
   20.1530781       8.43146229    
   20.1684036       8.43142605    
   20.1837292       8.43137932    
   20.1990547       8.43132305    
   20.2143803       8.43125725    
   20.2297058       8.43118095    
   20.2450314       8.43109512    
   20.2603569       8.43099976    
   20.2756824       8.43089485    
   20.2910080       8.43077946    
   20.3063335       8.43065453    
   20.3216591       8.43052006    
   20.3369846       8.43037605    
   20.3523102       8.43022156    
   20.3676357       8.43005753    
   20.3829613       8.42988396    
   20.3982868       8.42969990    
   20.4136124       8.42950630    
   20.4289379       8.42930317    
   20.4442635       8.42909050    
   20.4595890       8.42886734    
   20.4749146       8.42863464    
   20.4902401       8.42839241    
   20.5055656       8.42814064    
   20.5208912       8.42787838    
   20.5362167       8.42760658    
   20.5515423       8.42732525    
   20.5668678       8.42703342    
   20.5821934       8.42673206    
   20.5975189       8.42642117    
   20.6128445       8.42610073    
   20.6281700       8.42576981    
   20.6434956       8.42542934    
   20.6588211       8.42507935    
   20.6741467       8.42471886    
   20.6894722       8.42434883    
   20.7047977       8.42396927    
   20.7201233       8.42358017    
   20.7354488       8.42318058    
   20.7507744       8.42277145    
   20.7660999       8.42235279    
   20.7814255       8.42192459    
   20.7967510       8.42148590    
   20.8120766       8.42103767    
   20.8274021       8.42057991    
   20.8427277       8.42011166    
   20.8580532       8.41963387    
   20.8733788       8.41914654    
   20.8887043       8.41864967    
   20.9040298       8.41814232    
   20.9193554       8.41762543    
   20.9346809       8.41709900    
   20.9500065       8.41656303    
   20.9653320       8.41601658    
   20.9806576       8.41546059    
   20.9959831       8.41489506    
   21.0113087       8.41431904    
   21.0266342       8.41373348    
   21.0419598       8.41313839    
   21.0572853       8.41253376    
   21.0726109       8.41191864    
   21.0879364       8.41129398    
   21.1032619       8.41065979    
   21.1185875       8.41001511    
   21.1339130       8.40936089    
   21.1492386       8.40869713    
   21.1645641       8.40802383    
   21.1798897       8.40734005    
   21.1952152       8.40664673    
   21.2105408       8.40594387    
   21.2258663       8.40523148    
   21.2411919       8.40450859    
   21.2565174       8.40377617    
   21.2718430       8.40303421    
   21.2871685       8.40228176    
   21.3024940       8.40151978    
   21.3178196       8.40074825    
   21.3331451       8.39996719    
   21.3484707       8.39917564    
   21.3637962       8.39837456    
   21.3791218       8.39756393    
   21.3944473       8.39674377    
   21.4097729       8.39591312    
   21.4250984       8.39507294    
   21.4404240       8.39422321    
   21.4557495       8.39336300    
   21.4710751       8.39249325    
   21.4864006       8.39161396    
   21.5017262       8.39072514    
   21.5170517       8.38982582    
   21.5323772       8.38891697    
   21.5477028       8.38799858    
   21.5630283       8.38706970    
   21.5783539       8.38613129    
   21.5936794       8.38518333    
   21.6090050       8.38422585    
   21.6243305       8.38325787    
   21.6396561       8.38228035    
   21.6549816       8.38129330    
   21.6703072       8.38029671    
   21.6856327       8.37928963    
   21.7009583       8.37827301    
   21.7162838       8.37724686    
   21.7316093       8.37621021    
   21.7469349       8.37516403    
   21.7622604       8.37410831    
   21.7775860       8.37304306    
   21.7929115       8.37196732    
   21.8082371       8.37088203    
   21.8235626       8.36978722    
   21.8388882       8.36868286    
   21.8542137       8.36756802    
   21.8695393       8.36644363    
   21.8848648       8.36530972    
   21.9001904       8.36416531    
   21.9155159       8.36301136    
   21.9308414       8.36184788    
   21.9461670       8.36067486    
   21.9614925       8.35949135    
   21.9768181       8.35829830    
   21.9921436       8.35709572    
   22.0074692       8.35588264    
   22.0227947       8.35466003    
   22.0381203       8.35342789    
   22.0534458       8.35218620    
   22.0687714       8.35093403    
   22.0840969       8.34967232    
   22.0994225       8.34840107    
   22.1147480       8.34712029    
   22.1300735       8.34582901    
   22.1453991       8.34452820    
   22.1607246       8.34321785    
   22.1760502       8.34189701    
   22.1913757       8.34056664    
   22.2067013       8.33922672    
   22.2220268       8.33787727    
   22.2373524       8.33651733    
   22.2526779       8.33514786    
   22.2680035       8.33376884    
   22.2833290       8.33238029    
   22.2986546       8.33098125    
   22.3139801       8.32957268    
   22.3293056       8.32815456    
   22.3446312       8.32672596    
   22.3599567       8.32528782    
   22.3752823       8.32384014    
   22.3906078       8.32238293    
   22.4059334       8.32091522    
   22.4212589       8.31943798    
   22.4365845       8.31795120    
   22.4519100       8.31645393    
   22.4672356       8.31494713    
   22.4825611       8.31343079    
   22.4978867       8.31190491    
   22.5132122       8.31036854    
   22.5285378       8.30882263    
   22.5438633       8.30726719    
   22.5591888       8.30570221    
   22.5745144       8.30412674    
   22.5898399       8.30254173    
   22.6051655       8.30094719    
   22.6204910       8.29934216    
   22.6358166       8.29772758    
   22.6511421       8.29610348    
   22.6664677       8.29446983    
   22.6817932       8.29282570    
   22.6971188       8.29117203    
   22.7124443       8.28950882    
   22.7277699       8.28783607    
   22.7430954       8.28615284    
   22.7584209       8.28446007    
   22.7737465       8.28275776    
   22.7890720       8.28104496    
   22.8043976       8.27932262    
   22.8197231       8.27759075    
   22.8350487       8.27584934    
   22.8503742       8.27409744    
   22.8656998       8.27233601    
   22.8810253       8.27056503    
   22.8963509       8.26878357    
   22.9116764       8.26699257    
   22.9270020       8.26519203    
   22.9423275       8.26338196    
   22.9576530       8.26156139    
   22.9729786       8.25973129    
   22.9883041       8.25789165    
   23.0036297       8.25604248    
   23.0189552       8.25418282    
   23.0342808       8.25231361    
   23.0496063       8.25043488    
   23.0649319       8.24854565    
   23.0802574       8.24664688    
   23.0955830       8.24473858    
   23.1109085       8.24282074    
   23.1262341       8.24089241    
   23.1415596       8.23895454    
   23.1568851       8.23700714    
   23.1722107       8.23505020    
   23.1875362       8.23308277    
   23.2028618       8.23110580    
   23.2181873       8.22911930    
   23.2335129       8.22712231    
   23.2488384       8.22511578    
   23.2641640       8.22309971    
   23.2794895       8.22107410    
   23.2948151       8.21903801    
   23.3101406       8.21699238    
   23.3254662       8.21493721    
   23.3407917       8.21287155    
   23.3561172       8.21079636    
   23.3714428       8.20871162    
   23.3867683       8.20661736    
   23.4020939       8.20451260    
   23.4174194       8.20239830    
   23.4327450       8.20027447    
   23.4480705       8.19814110    
   23.4633961       8.19599724    
   23.4787216       8.19384384    
   23.4940472       8.19168091    
   23.5093727       8.18950748    
   23.5246983       8.18732452    
   23.5400238       8.18513203    
   23.5553493       8.18292999    
   23.5706749       8.18071747    
   23.5860004       8.17849541    
   23.6013260       8.17626381    
   23.6166515       8.17402172    
   23.6319771       8.17177010    
   23.6473026       8.16950893    
   23.6626282       8.16723824    
   23.6779537       8.16495705    
   23.6932793       8.16266632    
   23.7086048       8.16036606    
   23.7239304       8.15805626    
   23.7392559       8.15573597    
   23.7545815       8.15340614    
   23.7699070       8.15106678    
   23.7852325       8.14871693    
   23.8005581       8.14635754    
   23.8158836       8.14398861    
   23.8312092       8.14161015    
   23.8465347       8.13922119    
   23.8618603       8.13682270    
   23.8771858       8.13441467    
   23.8925114       8.13199711    
   23.9078369       8.12956905    
   23.9231625       8.12713146    
   23.9384880       8.12468433    
   23.9538136       8.12222672    
   23.9691391       8.11975956    
   23.9844646       8.11728287    
   23.9997902       8.11479664    
   24.0151157       8.11229992    
   24.0304413       8.10979366    
   24.0457668       8.10727787    
   24.0610924       8.10475159    
   24.0764179       8.10221577    
   24.0917435       8.09967041    
   24.1070690       8.09711552    
   24.1223946       8.09455013    
   24.1377201       8.09197521    
   24.1530457       8.08939075    
   24.1683712       8.08679676    
   24.1836967       8.08419228    
   24.1990223       8.08157825    
   24.2143478       8.07895470    
   24.2296734       8.07632065    
   24.2449989       8.07367706    
   24.2603245       8.07102394    
   24.2756500       8.06836128    
   24.2909756       8.06568813    
   24.3063011       8.06300545    
   24.3216267       8.06031322    
   24.3369522       8.05761147    
   24.3522778       8.05489922    
   24.3676033       8.05217743    
   24.3829288       8.04944611    
   24.3982544       8.04670429    
   24.4135799       8.04395294    
   24.4289055       8.04119205    
   24.4442310       8.03842163    
   24.4595566       8.03564072    
   24.4748821       8.03285027    
   24.4902077       8.03005028    
   24.5055332       8.02723980    
   24.5208588       8.02441978    
   24.5361843       8.02159023    
   24.5515099       8.01875114    
   24.5668354       8.01590157    
   24.5821609       8.01304245    
   24.5974865       8.01017380    
   24.6128120       8.00729561    
   24.6281376       8.00440693    
   24.6434631       8.00150871    
   24.6587887       7.99860048    
   24.6741142       7.99568272    
   24.6894398       7.99275494    
   24.7047653       7.98981762    
   24.7200909       7.98687029    
   24.7354164       7.98391342    
   24.7507420       7.98094654    
   24.7660675       7.97797012    
   24.7813931       7.97498369    
   24.7967186       7.97198725    
   24.8120441       7.96898127    
   24.8273697       7.96596527    
   24.8426952       7.96293974    
   24.8580208       7.95990419    
   24.8733463       7.95685911    
   24.8886719       7.95380402    
   24.9039974       7.95073938    
   24.9193230       7.94766474    
   24.9346485       7.94458055    
   24.9499741       7.94148636    
   24.9652996       7.93838215    
   24.9806252       7.93526840    
   24.9959507       7.93214464    
   25.0112762       7.92901134    
   25.0266018       7.92586803    
   25.0419273       7.92271519    
   25.0572529       7.91955233    
   25.0725784       7.91637993    
   25.0879040       7.91319752    
   25.1032295       7.91000509    
   25.1185551       7.90680313    
   25.1338806       7.90359116    
   25.1492062       7.90036964    
   25.1645317       7.89713812    
   25.1798573       7.89389706    
   25.1951828       7.89064598    
   25.2105083       7.88738537    
   25.2258339       7.88411474    
   25.2411594       7.88083410    
   25.2564850       7.87754393    
   25.2718105       7.87424374    
   25.2871361       7.87093401    
   25.3024616       7.86761427    
   25.3177872       7.86428499    
   25.3331127       7.86094570    
   25.3484383       7.85759687    
   25.3637638       7.85423803    
   25.3790894       7.85086966    
   25.3944149       7.84749126    
   25.4097404       7.84410286    
   25.4250660       7.84070492    
   25.4403915       7.83729696    
   25.4557171       7.83387947    
   25.4710426       7.83045197    
   25.4863682       7.82701492    
   25.5016937       7.82356787    
   25.5170193       7.82011127    
   25.5323448       7.81664467    
   25.5476704       7.81316805    
   25.5629959       7.80968189    
   25.5783215       7.80618572    
   25.5936470       7.80268002    
   25.6089725       7.79916430    
   25.6242981       7.79563904    
   25.6396236       7.79210377    
   25.6549492       7.78855896    
   25.6702747       7.78500414    
   25.6856003       7.78143930    
   25.7009258       7.77786493    
   25.7162514       7.77428055    
   25.7315769       7.77068663    
   25.7469025       7.76708269    
   25.7622280       7.76346922    
   25.7775536       7.75984573    
   25.7928791       7.75621271    
   25.8082047       7.75256968    
   25.8235302       7.74891710    
   25.8388557       7.74525452    
   25.8541813       7.74158192    
   25.8695068       7.73789978    
   25.8848324       7.73420763    
   25.9001579       7.73050594    
   25.9154835       7.72679424    
   25.9308090       7.72307301    
   25.9461346       7.71934175    
   25.9614601       7.71560097    
   25.9767857       7.71185017    
   25.9921112       7.70808935    
   26.0074368       7.70431900    
   26.0227623       7.70053864    
   26.0380878       7.69674873    
   26.0534134       7.69294882    
   26.0687389       7.68913937    
   26.0840645       7.68531990    
   26.0993900       7.68149090    
   26.1147156       7.67765188    
   26.1300411       7.67380285    
   26.1453667       7.66994429    
   26.1606922       7.66607571    
   26.1760178       7.66219759    
   26.1913433       7.65830946    
   26.2066689       7.65441179    
   26.2219944       7.65050411    
   26.2373199       7.64658689    
   26.2526455       7.64265966    
   26.2679710       7.63872242    
   26.2832966       7.63477564    
   26.2986221       7.63081884    
   26.3139477       7.62685251    
   26.3292732       7.62287617    
   26.3445988       7.61889029    
   26.3599243       7.61489439    
   26.3752499       7.61088896    
   26.3905754       7.60687351    
   26.4059010       7.60284853    
   26.4212265       7.59881353    
   26.4365520       7.59476852    
   26.4518776       7.59071398    
   26.4672031       7.58664942    
   26.4825287       7.58257532    
   26.4978542       7.57849121    
   26.5131798       7.57439756    
   26.5285053       7.57029390    
   26.5438309       7.56618071    
   26.5591564       7.56205750    
   26.5744820       7.55792427    
   26.5898075       7.55378151    
   26.6051331       7.54962873    
   26.6204586       7.54546642    
   26.6357841       7.54129410    
   26.6511097       7.53711224    
   26.6664352       7.53292036    
   26.6817608       7.52871895    
   26.6970863       7.52450752    
   26.7124119       7.52028608    
   26.7277374       7.51605511    
   26.7430630       7.51181412    
   26.7583885       7.50756359    
   26.7737141       7.50330305    
   26.7890396       7.49903297    
   26.8043652       7.49475288    
   26.8196907       7.49046326    
   26.8350163       7.48616362    
   26.8503418       7.48185444    
   26.8656673       7.47753525    
   26.8809929       7.47320604    
   26.8963184       7.46886730    
   26.9116440       7.46451855    
   26.9269695       7.46016026    
   26.9422951       7.45579195    
   26.9576206       7.45141411    
   26.9729462       7.44702625    
   26.9882717       7.44262886    
   27.0035973       7.43822145    
   27.0189228       7.43380404    
   27.0342484       7.42937708    
   27.0495739       7.42494011    
   27.0648994       7.42049360    
   27.0802250       7.41603708    
   27.0955505       7.41157103    
   27.1108761       7.40709496    
   27.1262016       7.40260935    
   27.1415272       7.39811373    
   27.1568527       7.39360809    
   27.1721783       7.38909292    
   27.1875038       7.38456774    
   27.2028294       7.38003302    
   27.2181549       7.37548828    
   27.2334805       7.37093401    
   27.2488060       7.36636972    
   27.2641315       7.36179590    
   27.2794571       7.35721207    
   27.2947826       7.35261869    
   27.3101082       7.34801531    
   27.3254337       7.34340191    
   27.3407593       7.33877897    
   27.3560848       7.33414602    
   27.3714104       7.32950354    
   27.3867359       7.32485104    
   27.4020615       7.32018900    
   27.4173870       7.31551695    
   27.4327126       7.31083536    
   27.4480381       7.30614376    
   27.4633636       7.30144215    
   27.4786892       7.29673100    
   27.4940147       7.29200983    
   27.5093403       7.28727913    
   27.5246658       7.28253841    
   27.5399914       7.27778816    
   27.5553169       7.27302790    
   27.5706425       7.26825809    
   27.5859680       7.26347828    
   27.6012936       7.25868845    
   27.6166191       7.25388908    
   27.6319447       7.24907970    
   27.6472702       7.24426079    
   27.6625957       7.23943186    
   27.6779213       7.23459339    
   27.6932468       7.22974491    
   27.7085724       7.22488689    
   27.7238979       7.22001886    
   27.7392235       7.21514130    
   27.7545490       7.21025372    
   27.7698746       7.20535612    
   27.7852001       7.20044899    
   27.8005257       7.19553185    
   27.8158512       7.19060516    
   27.8311768       7.18566847    
   27.8465023       7.18072224    
   27.8618279       7.17576599    
   27.8771534       7.17080021    
   27.8924789       7.16582441    
   27.9078045       7.16083860    
   27.9231300       7.15584326    
   27.9384556       7.15083790    
   27.9537811       7.14582300    
   27.9691067       7.14079809    
   27.9844322       7.13576365    
   27.9997578       7.13071918    
   28.0150833       7.12566519    
   28.0304089       7.12060118    
   28.0457344       7.11552715    
   28.0610600       7.11044359    
   28.0763855       7.10535002    
   28.0917110       7.10024691    
   28.1070366       7.09513378    
   28.1223621       7.09001112    
   28.1376877       7.08487844    
   28.1530132       7.07973623    
   28.1683388       7.07458401    
   28.1836643       7.06942177    
   28.1989899       7.06424999    
   28.2143154       7.05906820    
   28.2296410       7.05387688    
   28.2449665       7.04867554    
   28.2602921       7.04346466    
   28.2756176       7.03824377    
   28.2909431       7.03301334    
   28.3062687       7.02777290    
   28.3215942       7.02252293    
   28.3369198       7.01726294    
   28.3522453       7.01199293    
   28.3675709       7.00671339    
   28.3828964       7.00142384    
   28.3982220       6.99612474    
   28.4135475       6.99081564    
   28.4288731       6.98549700    
   28.4441986       6.98016834    
   28.4595242       6.97483015    
   28.4748497       6.96948195    
   28.4901752       6.96412373    
   28.5055008       6.95875597    
   28.5208263       6.95337820    
   28.5361519       6.94799089    
   28.5514774       6.94259357    
   28.5668030       6.93718672    
   28.5821285       6.93176985    
   28.5974541       6.92634344    
   28.6127796       6.92090702    
   28.6281052       6.91546059    
   28.6434307       6.91000462    
   28.6587563       6.90453863    
   28.6740818       6.89906311    
   28.6894073       6.89357758    
   28.7047329       6.88808250    
   28.7200584       6.88257742    
   28.7353840       6.87706280    
   28.7507095       6.87153816    
   28.7660351       6.86600399    
   28.7813606       6.86045980    
   28.7966862       6.85490561    
   28.8120117       6.84934187    
   28.8273373       6.84376812    
   28.8426628       6.83818483    
   28.8579884       6.83259153    
   28.8733139       6.82698870    
   28.8886395       6.82137585    
   28.9039650       6.81575346    
   28.9192905       6.81012106    
   28.9346161       6.80447865    
   28.9499416       6.79882669    
   28.9652672       6.79316473    
   28.9805927       6.78749323    
   28.9959183       6.78181171    
   29.0112438       6.77612066    
   29.0265694       6.77041960    
   29.0418949       6.76470900    
   29.0572205       6.75898838    
   29.0725460       6.75325775    
   29.0878716       6.74751759    
   29.1031971       6.74176741    
   29.1185226       6.73600769    
   29.1338482       6.73023796    
   29.1491737       6.72445869    
   29.1644993       6.71866941    
   29.1798248       6.71287060    
   29.1951504       6.70706177    
   29.2104759       6.70124340    
   29.2258015       6.69541502    
   29.2411270       6.68957663    
   29.2564526       6.68372869    
   29.2717781       6.67787075    
   29.2871037       6.67200327    
   29.3024292       6.66612577    
   29.3177547       6.66023874    
   29.3330803       6.65434170    
   29.3484058       6.64843512    
   29.3637314       6.64251852    
   29.3790569       6.63659191    
   29.3943825       6.63065577    
   29.4097080       6.62470961    
   29.4250336       6.61875391    
   29.4403591       6.61278820    
   29.4556847       6.60681295    
   29.4710102       6.60082769    
   29.4863358       6.59483290    
   29.5016613       6.58882809    
   29.5169868       6.58281326    
   29.5323124       6.57678890    
   29.5476379       6.57075453    
   29.5629635       6.56471062    
   29.5782890       6.55865669    
   29.5936146       6.55259323    
   29.6089401       6.54651976    
   29.6242657       6.54043674    
   29.6395912       6.53434372    
   29.6549168       6.52824116    
   29.6702423       6.52212858    
   29.6855679       6.51600599    
   29.7008934       6.50987387    
   29.7162189       6.50373173    
   29.7315445       6.49758005    
   29.7468700       6.49141836    
   29.7621956       6.48524714    
   29.7775211       6.47906590    
   29.7928467       6.47287512    
   29.8081722       6.46667433    
   29.8234978       6.46046352    
   29.8388233       6.45424318    
   29.8541489       6.44801283    
   29.8694744       6.44177294    
   29.8848000       6.43552303    
   29.9001255       6.42926359    
   29.9154510       6.42299414    
   29.9307766       6.41671515    
   29.9461021       6.41042614    
   29.9614277       6.40412712    
   29.9767532       6.39781857    
   29.9920788       6.39150000    
   30.0074043       6.38517189    
   30.0227299       6.37883377    
   30.0380554       6.37248611    
   30.0533810       6.36612844    
   30.0687065       6.35976124    
   30.0840321       6.35338402    
   30.0993576       6.34699678    
   30.1146832       6.34060001    
   30.1300087       6.33419323    
   30.1453342       6.32777691    
   30.1606598       6.32135057    
   30.1759853       6.31491470    
   30.1913109       6.30846882    
   30.2066364       6.30201340    
   30.2219620       6.29554796    
   30.2372875       6.28907299    
   30.2526131       6.28258801    
   30.2679386       6.27609301    
   30.2832642       6.26958847    
   30.2985897       6.26307392    
   30.3139153       6.25654984    
   30.3292408       6.25001574    
   30.3445663       6.24347210    
   30.3598919       6.23691845    
   30.3752174       6.23035526    
   30.3905430       6.22378206    
   30.4058685       6.21719885    
   30.4211941       6.21060610    
   30.4365196       6.20400333    
   30.4518452       6.19739103    
   30.4671707       6.19076872    
   30.4824963       6.18413687    
   30.4978218       6.17749500    
   30.5131474       6.17084360    
   30.5284729       6.16418219    
   30.5437984       6.15751076    
   30.5591240       6.15082979    
   30.5744495       6.14413881    
   30.5897751       6.13743830    
   30.6051006       6.13072777    
   30.6204262       6.12400770    
   30.6357517       6.11727762    
   30.6510773       6.11053801    
   30.6664028       6.10378838    
   30.6817284       6.09702921    
   30.6970539       6.09026003    
   30.7123795       6.08348083    
   30.7277050       6.07669210    
   30.7430305       6.06989336    
   30.7583561       6.06308508    
   30.7736816       6.05626678    
   30.7890072       6.04943895    
   30.8043327       6.04260111    
   30.8196583       6.03575373    
   30.8349838       6.02889633    
   30.8503094       6.02202892    
   30.8656349       6.01515198    
   30.8809605       6.00826502    
   30.8962860       6.00136852    
   30.9116116       5.99446201    
   30.9269371       5.98754597    
   30.9422626       5.98061991    
   30.9575882       5.97368431    
   30.9729137       5.96673870    
   30.9882393       5.95978308    
   31.0035648       5.95281792    
   31.0188904       5.94584274    
   31.0342159       5.93885803    
   31.0495415       5.93186331    
   31.0648670       5.92485905    
   31.0801926       5.91784477    
   31.0955181       5.91082096    
   31.1108437       5.90378714    
   31.1261692       5.89674377    
   31.1414948       5.88969040    
   31.1568203       5.88262701    
   31.1721458       5.87555408    
   31.1874714       5.86847115    
   31.2027969       5.86137867    
   31.2181225       5.85427618    
   31.2334480       5.84716415    
   31.2487736       5.84004211    
   31.2640991       5.83291054    
   31.2794247       5.82576895    
   31.2947502       5.81861734    
   31.3100758       5.81145620    
   31.3254013       5.80428505    
   31.3407269       5.79710436    
   31.3560524       5.78991365    
   31.3713779       5.78271341    
   31.3867035       5.77550316    
   31.4020290       5.76828337    
   31.4173546       5.76105356    
   31.4326801       5.75381374    
   31.4480057       5.74656439    
   31.4633312       5.73930502    
   31.4786568       5.73203611    
   31.4939823       5.72475719    
   31.5093079       5.71746874    
   31.5246334       5.71017027    
   31.5399590       5.70286226    
   31.5552845       5.69554424    
   31.5706100       5.68821669    
   31.5859356       5.68087912    
   31.6012611       5.67353153    
   31.6165867       5.66617441    
   31.6319122       5.65880728    
   31.6472378       5.65143061    
   31.6625633       5.64404392    
   31.6778889       5.63664770    
   31.6932144       5.62924147    
   31.7085400       5.62182570    
   31.7238655       5.61439991    
   31.7391911       5.60696411    
   31.7545166       5.59951878    
   31.7698421       5.59206343    
   31.7851677       5.58459854    
   31.8004932       5.57712364    
   31.8158188       5.56963921    
   31.8311443       5.56214476    
   31.8464699       5.55464077    
   31.8617954       5.54712677    
   31.8771210       5.53960276    
   31.8924465       5.53206921    
   31.9077721       5.52452564    
   31.9230976       5.51697254    
   31.9384232       5.50940943    
   31.9537487       5.50183678    
   31.9690742       5.49425411    
   31.9843998       5.48666191    
   31.9997253       5.47905970    
   32.0150490       5.47144747    
   32.0303726       5.46382570    
   32.0456963       5.45619392    
   32.0610199       5.44855261    
   32.0763435       5.44090128    
   32.0916672       5.43324041    
   32.1069908       5.42556953    
   32.1223145       5.41788912    
   32.1376381       5.41019869    
   32.1529617       5.40249872    
   32.1682854       5.39478874    
   32.1836090       5.38706875    
   32.1989326       5.37933922    
   32.2142563       5.37159967    
   32.2295799       5.36385059    
   32.2449036       5.35609150    
   32.2602272       5.34832287    
   32.2755508       5.34054422    
   32.2908745       5.33275604    
   32.3061981       5.32495785    
   32.3215218       5.31714964    
   32.3368454       5.30933189    
   32.3521690       5.30150414    
   32.3674927       5.29366684    
   32.3828163       5.28581953    
   32.3981400       5.27796268    
   32.4134636       5.27009583    
   32.4287872       5.26221943    
   32.4441109       5.25433302    
   32.4594345       5.24643660    
   32.4747581       5.23853064    
   32.4900818       5.23061466    
   32.5054054       5.22268915    
   32.5207291       5.21475363    
   32.5360527       5.20680857    
   32.5513763       5.19885349    
   32.5667000       5.19088888    
   32.5820236       5.18291426    
   32.5973473       5.17493010    
   32.6126709       5.16693592    
   32.6279945       5.15893173    
   32.6433182       5.15091801    
   32.6586418       5.14289427    
   32.6739655       5.13486099    
   32.6892891       5.12681770    
   32.7046127       5.11876488    
   32.7199364       5.11070204    
   32.7352600       5.10262966    
   32.7505836       5.09454727    
   32.7659073       5.08645487    
   32.7812309       5.07835293    
   32.7965546       5.07024097    
   32.8118782       5.06211948    
   32.8272018       5.05398798    
   32.8425255       5.04584694    
   32.8578491       5.03769588    
   32.8731728       5.02953529    
   32.8884964       5.02136469    
   32.9038200       5.01318407    
   32.9191437       5.00499392    
   32.9344673       4.99679375    
   32.9497910       4.98858404    
   32.9651146       4.98036432    
   32.9804382       4.97213507    
   32.9957619       4.96389580    
   33.0110855       4.95564699    
   33.0264091       4.94738817    
   33.0417328       4.93911982    
   33.0570564       4.93084145    
   33.0723801       4.92255306    
   33.0877037       4.91425514    
   33.1030273       4.90594721    
   33.1183510       4.89762974    
   33.1336746       4.88930225    
   33.1489983       4.88096523    
   33.1643219       4.87261820    
   33.1796455       4.86426163    
   33.1949692       4.85589504    
   33.2102928       4.84751844    
   33.2256165       4.83913231    
   33.2409401       4.83073616    
   33.2562637       4.82233047    
   33.2715874       4.81391478    
   33.2869110       4.80548954    
   33.3022346       4.79705429    
   33.3175583       4.78860950    
   33.3328819       4.78015471    
   33.3482056       4.77168989    
   33.3635292       4.76321554    
   33.3788528       4.75473118    
   33.3941765       4.74623728    
   33.4095001       4.73773336    
   33.4248238       4.72921991    
   33.4401474       4.72069645    
   33.4554710       4.71216345    
   33.4707947       4.70362043    
   33.4861183       4.69506788    
   33.5014420       4.68650532    
   33.5167656       4.67793274    
   33.5320892       4.66935062    
   33.5474129       4.66075850    
   33.5627365       4.65215683    
   33.5780602       4.64354515    
   33.5933838       4.63492393    
   33.6087074       4.62629271    
   33.6240311       4.61765194    
   33.6393547       4.60900116    
   33.6546783       4.60034037    
   33.6700020       4.59167004    
   33.6853256       4.58298969    
   33.7006493       4.57429981    
   33.7159729       4.56559992    
   33.7312965       4.55689049    
   33.7466202       4.54817104    
   33.7619438       4.53944206    
   33.7772675       4.53070307    
   33.7925911       4.52195406    
   33.8079147       4.51319551    
   33.8232384       4.50442696    
   33.8385620       4.49564886    
   33.8538857       4.48686075    
   33.8692093       4.47806311    
   33.8845329       4.46925545    
   33.8998566       4.46043825    
   33.9151802       4.45161104    
   33.9305038       4.44277382    
   33.9458275       4.43392706    
   33.9611511       4.42507029    
   33.9764748       4.41620398    
   33.9917984       4.40732765    
   34.0071220       4.39844179    
   34.0224457       4.38954592    
   34.0377693       4.38064051    
   34.0530930       4.37172508    
   34.0684166       4.36280012    
   34.0837402       4.35386515    
   34.0990639       4.34492016    
   34.1143875       4.33596563    
   34.1297112       4.32700109    
   34.1450348       4.31802702    
   34.1603584       4.30904293    
   34.1756821       4.30004930    
   34.1910057       4.29104567    
   34.2063293       4.28203249    
   34.2216530       4.27300930    
   34.2369766       4.26397610    
   34.2523003       4.25493336    
   34.2676239       4.24588060    
   34.2829475       4.23681831    
   34.2982712       4.22774601    
   34.3135948       4.21866417    
   34.3289185       4.20957232    
   34.3442421       4.20047092    
   34.3595657       4.19135952    
   34.3748894       4.18223810    
   34.3902130       4.17310715    
   34.4055367       4.16396618    
   34.4208603       4.15481567    
   34.4361839       4.14565516    
   34.4515076       4.13648510    
   34.4668312       4.12730503    
   34.4821548       4.11811543    
   34.4974785       4.10891581    
   34.5128021       4.09970665    
   34.5281258       4.09048748    
   34.5434494       4.08125830    
   34.5587730       4.07201958    
   34.5740967       4.06277084    
   34.5894203       4.05351257    
   34.6047440       4.04424429    
   34.6200676       4.03496647    
   34.6353912       4.02567863    
   34.6507149       4.01638126    
   34.6660385       4.00707388    
   34.6813622       3.99775672    
   34.6966858       3.98842978    
   34.7120094       3.97909307    
   34.7273331       3.96974659    
   34.7426567       3.96039009    
   34.7579803       3.95102382    
   34.7733040       3.94164777    
   34.7886276       3.93226194    
   34.8039513       3.92286634    
   34.8192749       3.91346097    
   34.8345985       3.90404582    
   34.8499222       3.89462090    
   34.8652458       3.88518620    
   34.8805695       3.87574172    
   34.8958931       3.86628723    
   34.9112167       3.85682297    
   34.9265404       3.84734893    
   34.9418640       3.83786511    
   34.9571877       3.82837152    
   34.9725113       3.81886816    
   34.9878349       3.80935502    
   35.0031586       3.79983211    
   35.0184822       3.79029942    
   35.0338058       3.78075695    
   35.0491295       3.77120447    
   35.0644531       3.76164222    
   35.0797768       3.75207019    
   35.0951004       3.74248838    
   35.1104240       3.73289680    
   35.1257477       3.72329545    
   35.1410713       3.71368432    
   35.1563950       3.70406342    
   35.1717186       3.69443274    
   35.1870422       3.68479204    
   35.2023659       3.67514157    
   35.2176895       3.66548133    
   35.2330132       3.65581131    
   35.2483368       3.64613152    
   35.2636604       3.63644195    
   35.2789841       3.62674260    
   35.2943077       3.61703348    
   35.3096313       3.60731459    
   35.3249550       3.59758592    
   35.3402786       3.58784723    
   35.3556023       3.57809877    
   35.3709259       3.56834054    
   35.3862495       3.55857253    
   35.4015732       3.54879475    
   35.4168968       3.53900719    
   35.4322205       3.52920985    
   35.4475441       3.51940274    
   35.4628677       3.50958586    
   35.4781914       3.49975896    
   35.4935150       3.48992229    
   35.5088387       3.48007584    
   35.5241623       3.47021961    
   35.5394859       3.46035361    
   35.5548096       3.45047784    
   35.5701332       3.44059229    
   35.5854568       3.43069696    
   35.6007805       3.42079186    
   35.6161041       3.41087699    
   35.6314278       3.40095210    
   35.6467514       3.39101744    
   35.6620750       3.38107300    
   35.6773987       3.37111878    
   35.6927223       3.36115479    
   35.7080460       3.35118103    
   35.7233696       3.34119749    
   35.7386932       3.33120418    
   35.7540169       3.32120109    
   35.7693405       3.31118822    
   35.7846642       3.30116534    
   35.7999878       3.29113269    
   35.8153114       3.28109026    
   35.8306351       3.27103806    
   35.8459587       3.26097608    
   35.8612823       3.25090432    
   35.8766060       3.24082279    
   35.8919296       3.23073149    
   35.9072533       3.22063041    
   35.9225769       3.21051931    
   35.9379005       3.20039845    
   35.9532242       3.19026780    
   35.9685478       3.18012738    
   35.9838715       3.16997719    
   35.9991951       3.15981722    
   36.0145187       3.14964747    
   36.0298424       3.13946795    
   36.0451660       3.12927866    
   36.0604897       3.11907959    
   36.0758133       3.10887051    
   36.0911369       3.09865165    
   36.1064606       3.08842301    
   36.1217842       3.07818460    
   36.1371078       3.06793642    
   36.1524315       3.05767846    
   36.1677551       3.04741073    
   36.1830788       3.03713322    
   36.1984024       3.02684593    
   36.2137260       3.01654863    
   36.2290497       3.00624156    
   36.2443733       2.99592471    
   36.2596970       2.98559809    
   36.2750206       2.97526169    
   36.2903442       2.96491551    
   36.3056679       2.95455956    
   36.3209915       2.94419384    
   36.3363152       2.93381834    
   36.3516388       2.92343307    
   36.3669624       2.91303778    
   36.3822861       2.90263271    
   36.3976097       2.89221787    
   36.4129333       2.88179326    
   36.4282570       2.87135887    
   36.4435806       2.86091471    
   36.4589043       2.85046077    
   36.4742279       2.83999705    
   36.4895515       2.82952356    
   36.5048752       2.81904030    
   36.5201988       2.80854702    
   36.5355225       2.79804397    
   36.5508461       2.78753114    
   36.5661697       2.77700853    
   36.5814934       2.76647615    
   36.5968170       2.75593400    
   36.6121407       2.74538207    
   36.6274643       2.73482037    
   36.6427879       2.72424889    
   36.6581116       2.71366739    
   36.6734352       2.70307612    
   36.6887589       2.69247508    
   36.7040825       2.68186426    
   36.7194061       2.67124367    
   36.7347298       2.66061330    
   36.7500534       2.64997315    
   36.7653770       2.63932323    
   36.7807007       2.62866354    
   36.7960243       2.61799407    
   36.8113480       2.60731459    
   36.8266716       2.59662533    
   36.8419952       2.58592629    
   36.8573189       2.57521749    
   36.8726425       2.56449890    
   36.8879662       2.55377054    
   36.9032898       2.54303241    
   36.9186134       2.53228450    
   36.9339371       2.52152681    
   36.9492607       2.51075935    
   36.9645844       2.49998188    
   36.9799080       2.48919463    
   36.9952316       2.47839761    
   37.0105553       2.46759081    
   37.0258789       2.45677423    
   37.0412025       2.44594789    
   37.0565262       2.43511176    
   37.0718498       2.42426586    
   37.0871735       2.41341019    
   37.1024971       2.40254450    
   37.1178207       2.39166903    
   37.1331444       2.38078380    
   37.1484680       2.36988878    
   37.1637917       2.35898399    
   37.1791153       2.34806943    
   37.1944389       2.33714509    
   37.2097626       2.32621098    
   37.2250862       2.31526709    
   37.2404099       2.30431342    
   37.2557335       2.29334974    
   37.2710571       2.28237629    
   37.2863808       2.27139306    
   37.3017044       2.26040006    
   37.3170280       2.24939728    
   37.3323517       2.23838472    
   37.3476753       2.22736239    
   37.3629990       2.21633029    
   37.3783226       2.20528841    
   37.3936462       2.19423652    
   37.4089699       2.18317485    
   37.4242935       2.17210340    
   37.4396172       2.16102219    
   37.4549408       2.14993119    
   37.4702644       2.13883042    
   37.4855881       2.12771988    
   37.5009117       2.11659956    
   37.5162354       2.10546947    
   37.5315590       2.09432960    
   37.5468826       2.08317971    
   37.5622063       2.07202005    
   37.5775299       2.06085062    
   37.5928535       2.04967141    
   37.6081772       2.03848243    
   37.6235008       2.02728367    
   37.6388245       2.01607513    
   37.6541481       2.00485682    
   37.6694717       1.99362862    
   37.6847954       1.98239064    
   37.7001190       1.97114289    
   37.7154427       1.95988536    
   37.7307663       1.94861794    
   37.7460899       1.93734074    
   37.7614136       1.92605376    
   37.7767372       1.91475701    
   37.7920609       1.90345049    
   37.8073845       1.89213407    
   37.8227081       1.88080788    
   37.8380318       1.86947191    
   37.8533554       1.85812616    
   37.8686790       1.84677064    
   37.8840027       1.83540523    
   37.8993263       1.82403004    
   37.9146500       1.81264508    
   37.9299736       1.80125034    
   37.9452972       1.78984571    
   37.9606209       1.77843130    
   37.9759445       1.76700711    
   37.9912682       1.75557315    
   38.0065918       1.74412942    
   38.0219154       1.73267579    
   38.0372391       1.72121239    
   38.0525627       1.70973921    
   38.0678864       1.69825625    
   38.0832100       1.68676353    
   38.0985336       1.67526090    
   38.1138573       1.66374850    
   38.1291809       1.65222633    
   38.1445045       1.64069438    
   38.1598282       1.62915266    
   38.1751518       1.61760104    
   38.1904755       1.60603964    
   38.2057991       1.59446847    
   38.2211227       1.58288753    
   38.2364464       1.57129681    
   38.2517700       1.55969620    
   38.2670937       1.54808581    
   38.2824173       1.53646564    
   38.2977409       1.52483571    
   38.3130646       1.51319599    
   38.3283882       1.50154638    
   38.3437119       1.48988700    
   38.3590355       1.47821784    
   38.3743591       1.46653891    
   38.3896828       1.45485008    
   38.4050064       1.44315147    
   38.4203300       1.43144310    
   38.4356537       1.41972494    
   38.4509773       1.40799701    
   38.4663010       1.39625919    
   38.4816246       1.38451159    
   38.4969482       1.37275422    
   38.5122719       1.36098707    
   38.5275955       1.34921014    
   38.5429192       1.33742332    
   38.5582428       1.32562673    
   38.5735664       1.31382036    
   38.5888901       1.30200422    
   38.6042137       1.29017830    
   38.6195374       1.27834249    
   38.6348610       1.26649690    
   38.6501846       1.25464153    
   38.6655083       1.24277639    
   38.6808319       1.23090148    
   38.6961555       1.21901667    
   38.7114792       1.20712209    
   38.7268028       1.19521773    
   38.7421265       1.18330359    
   38.7574501       1.17137957    
   38.7727737       1.15944576    
   38.7880974       1.14750218    
   38.8034210       1.13554883    
   38.8187447       1.12358570    
   38.8340683       1.11161268    
   38.8493919       1.09962988    
   38.8647156       1.08763731    
   38.8800392       1.07563496    
   38.8953629       1.06362283    
   38.9106865       1.05160081    
   38.9260101       1.03956902    
   38.9413338       1.02752745    
   38.9566574       1.01547611    
   38.9719810       1.00341499    
   38.9873047      0.991344035    
   39.0026283      0.979263246    
   39.0179520      0.967172682    
   39.0332756      0.955072284    
   39.0485992      0.942962110    
   39.0639229      0.930842161    
   39.0792465      0.918712378    
   39.0945702      0.906572819    
   39.1098938      0.894423425    
   39.1252174      0.882264256    
   39.1405411      0.870095313    
   39.1558647      0.857916534    
   39.1711884      0.845727980    
   39.1865120      0.833529592    
   39.2018356      0.821321428    
   39.2171593      0.809103429    
   39.2324829      0.796875656    
   39.2478065      0.784638107    
   39.2631302      0.772390723    
   39.2784538      0.760133564    
   39.2937775      0.747866571    
   39.3091011      0.735589802    
   39.3244247      0.723303258    
   39.3397484      0.711006880    
   39.3550720      0.698700726    
   39.3703957      0.686384737    
   39.3857193      0.674058974    
   39.4010429      0.661723375    
   39.4163666      0.649378002    
   39.4316902      0.637022853    
   39.4470139      0.624657869    
   39.4623375      0.612283111    
   39.4776611      0.599898517    
   39.4929848      0.587504148    
   39.5083084      0.575100005    
   39.5236320      0.562686026    
   39.5389557      0.550262272    
   39.5542793      0.537828684    
   39.5696030      0.525385320    
   39.5849266      0.512932122    
   39.6002502      0.500469148    
   39.6155739      0.487996370    
   39.6308975      0.475513786    
   39.6462212      0.463021427    
   39.6615448      0.450519264    
   39.6768684      0.438007295    
   39.6921921      0.425485522    
   39.7075157      0.412953943    
   39.7228394      0.400412560    
   39.7381630      0.387861401    
   39.7534866      0.375300437    
   39.7688103      0.362729669    
   39.7841339      0.350149095    
   39.7994576      0.337558717    
   39.8147812      0.324958533    
   39.8301048      0.312348574    
   39.8454285      0.299728811    
   39.8607521      0.287099242    
   39.8760757      0.274459869    
   39.8913994      0.261810690    
   39.9067230      0.249151722    
   39.9220467      0.236482948    
   39.9373703      0.223804384    
   39.9526939      0.211116016    
   39.9680176      0.198417842    
   39.9833412      0.185709879    
   39.9986649      0.172992110    
   40.0139885      0.160264537    
   40.0293121      0.147527173    
   40.0446358      0.134780005    
   40.0599594      0.122023039    
   40.0752831      0.109256268    
   40.0906067       9.64796990E-02
   40.1059303       8.36933330E-02
   40.1212540       7.08971620E-02
   40.1365776       5.80911934E-02
   40.1519012       4.52754237E-02
   40.1672249       3.24498564E-02
   40.1825485       1.96144879E-02
   40.1978722       6.76931906E-03
   40.2131958      -6.08565006E-03
