   0.00000000       0.00000000    
  0.153254375      0.128503308    
  0.306508750      0.256026626    
  0.459763110      0.382569939    
  0.613017499      0.508133233    
  0.766271889      0.632716537    
  0.919526279      0.756319880    
   1.07278061      0.878943205    
   1.22603500       1.00058651    
   1.37928939       1.12124979    
   1.53254378       1.24093318    
   1.68579817       1.35963655    
   1.83905256       1.47735989    
   1.99230695       1.59410322    
   2.14556122       1.70986652    
   2.29881549       1.82464993    
   2.45206976       1.93845332    
   2.60532403       2.05127668    
   2.75857830       2.16312003    
   2.91183257       2.27398348    
   3.06508684       2.38386679    
   3.21834111       2.49277020    
   3.37159538       2.60069370    
   3.52484965       2.70763707    
   3.67810392       2.81360054    
   3.83135819       2.91858387    
   3.98461246       3.02258730    
   4.13786697       3.12561083    
   4.29112148       3.22765422    
   4.44437599       3.32871771    
   4.59763050       3.42880106    
   4.75088501       3.52790451    
   4.90413952       3.62602806    
   5.05739403       3.72317147    
   5.21064854       3.81933498    
   5.36390305       3.91451836    
   5.51715755       4.00872183    
   5.67041206       4.10194540    
   5.82366657       4.19418907    
   5.97692108       4.28545237    
   6.13017559       4.37573576    
   6.28343010       4.46503925    
   6.43668461       4.55336285    
   6.58993912       4.64070654    
   6.74319363       4.72706985    
   6.89644814       4.81245327    
   7.04970264       4.89685678    
   7.20295715       4.98028040    
   7.35621166       5.06272411    
   7.50946617       5.14418745    
   7.66272068       5.22467089    
   7.81597519       5.30417442    
   7.96922970       5.38269806    
   8.12248421       5.46024179    
   8.27573872       5.53680515    
   8.42899323       5.61238861    
   8.58224773       5.68699217    
   8.73550224       5.76061583    
   8.88875675       5.83325911    
   9.04201126       5.90492249    
   9.19526577       5.97560596    
   9.34852028       6.04530954    
   9.50177479       6.11403322    
   9.65502930       6.18177652    
   9.80828381       6.24853992    
   9.96153831       6.31432343    
   10.1147928       6.37912703    
   10.2680473       6.44295073    
   10.4213018       6.50579405    
   10.5745564       6.56765747    
   10.7278109       6.62854099    
   10.8810654       6.68844461    
   11.0343199       6.74736834    
   11.1875744       6.80531168    
   11.3408289       6.86227512    
   11.4940834       6.91825867    
   11.6473379       6.97326231    
   11.8005924       7.02728558    
   11.9538469       7.08032894    
   12.1071014       7.13239241    
   12.2603559       7.18347597    
   12.4136105       7.23357964    
   12.5668650       7.28270292    
   12.7201195       7.33084631    
   12.8733740       7.37800980    
   13.0266285       7.42419338    
   13.1798830       7.46939707    
   13.3331375       7.51362038    
   13.4863920       7.55686378    
   13.6396465       7.59912729    
   13.7929010       7.64041090    
   13.9461555       7.68071461    
   14.0994101       7.72003794    
   14.2526646       7.75838137    
   14.4059191       7.79574490    
   14.5591736       7.83212852    
   14.7124281       7.86753178    
   14.8656826       7.90195513    
   15.0189371       7.93539858    
   15.1721916       7.96786213    
   15.3254461       7.99934578    
   15.4787006       8.02984905    
   15.6319551       8.05937290    
   15.7852097       8.08791637    
   15.9384642       8.11547947    
   16.0917187       8.14206314    
   16.2449722       8.16766644    
   16.3982258       8.19229031    
   16.5514793       8.21593380    
   16.7047329       8.23859692    
   16.8579865       8.26028061    
   17.0112400       8.28098392    
   17.1644936       8.30070782    
   17.3177471       8.31945133    
   17.4710007       8.33721447    
   17.6242542       8.35399818    
   17.7775078       8.36980152    
   17.9307613       8.38462543    
   18.0840149       8.39846897    
   18.2372684       8.41133213    
   18.3905220       8.42321587    
   18.5437756       8.43411922    
   18.6970291       8.44404316    
   18.8502827       8.45298672    
   19.0035362       8.46094990    
   19.1567898       8.46793365    
   19.3100433       8.47393703    
   19.4632969       8.47896004    
   19.6165504       8.48300362    
   19.7698040       8.48606682    
   19.9230576       8.48815060    
   20.0763111       8.48925400    
   20.2295647       8.48937702    
   20.3828182       8.48852062    
   20.5360718       8.48668385    
   20.6893253       8.48386765    
   20.8425789       8.48007107    
   20.9958324       8.47529411    
   21.1490860       8.46953773    
   21.3023396       8.46280098    
   21.4555931       8.45508480    
   21.6088467       8.44638824    
   21.7621002       8.43671131    
   21.9153538       8.42605495    
   22.0686073       8.41441822    
   22.2218609       8.40180206    
   22.3751144       8.38820553    
   22.5283680       8.37362862    
   22.6816216       8.35807228    
   22.8348751       8.34153557    
   22.9881287       8.32401943    
   23.1413822       8.30552292    
   23.2946358       8.28604603    
   23.4478893       8.26558971    
   23.6011429       8.24415302    
   23.7543964       8.22173691    
   23.9076500       8.19834042    
   24.0609035       8.17396355    
   24.2141571       8.14860725    
   24.3674107       8.12227058    
   24.5206642       8.09495449    
   24.6739178       8.06665802    
   24.8271713       8.03738117    
   24.9804249       8.00712490    
   25.1336784       7.97588825    
   25.2869320       7.94367170    
   25.4401855       7.91047525    
   25.5934391       7.87629890    
   25.7466927       7.84114218    
   25.8999462       7.80500555    
   26.0531998       7.76788902    
   26.2064533       7.72979259    
   26.3597069       7.69071627    
   26.5129604       7.65065956    
   26.6662140       7.60962296    
   26.8194675       7.56760645    
   26.9727211       7.52461004    
   27.1259747       7.48063374    
   27.2792282       7.43567705    
   27.4324818       7.38974047    
   27.5857353       7.34282398    
   27.7389889       7.29492760    
   27.8922424       7.24605083    
   28.0454960       7.19619417    
   28.1987495       7.14535761    
   28.3520031       7.09354115    
   28.5052567       7.04074478    
   28.6585102       6.98696804    
   28.8117638       6.93221140    
   28.9650173       6.87647486    
   29.1182709       6.81975842    
   29.2715244       6.76206207    
   29.4247780       6.70338535    
   29.5780315       6.64372873    
   29.7312851       6.58309221    
   29.8845387       6.52147579    
   30.0377922       6.45887947    
   30.1910458       6.39530277    
   30.3442993       6.33074617    
   30.4975529       6.26520967    
   30.6508064       6.19869328    
   30.8040600       6.13119650    
   30.9573135       6.06271982    
   31.1105671       5.99326324    
   31.2638206       5.92282677    
   31.4170742       5.85141039    
   31.5703278       5.77901363    
   31.7235813       5.70563698    
   31.8768349       5.63128042    
   32.0300903       5.55594397    
   32.1833458       5.47962761    
   32.3366013       5.40233088    
   32.4898567       5.32405424    
   32.6431122       5.24479771    
   32.7963676       5.16456127    
   32.9496231       5.08334494    
   33.1028786       5.00114822    
   33.2561340       4.91797161    
   33.4093895       4.83381510    
   33.5626450       4.74867868    
   33.7159004       4.66256237    
   33.8691559       4.57546568    
   34.0224113       4.48738909    
   34.1756668       4.39833260    
   34.3289223       4.30829620    
   34.4821777       4.21727991    
   34.6354332       4.12528324    
   34.7886887       4.03230667    
   34.9419441       3.93835020    
   35.0951996       3.84341383    
   35.2484550       3.74749732    
   35.4017105       3.65060091    
   35.5549660       3.55272436    
   35.7082214       3.45386791    
   35.8614769       3.35403156    
   36.0147324       3.25321507    
   36.1679878       3.15141869    
   36.3212433       3.04864216    
   36.4744987       2.94488573    
   36.6277542       2.84014940    
   36.7810097       2.73443294    
   36.9342651       2.62773657    
   37.0875206       2.52006006    
   37.2407761       2.41140366    
   37.3940315       2.30176735    
   37.5472870       2.19115090    
   37.7005424       2.07955456    
   37.8537979       1.96697819    
   38.0070534       1.85342181    
   38.1603088       1.73888540    
   38.3135643       1.62336898    
   38.4668198       1.50687253    
   38.6200752       1.38939619    
   38.7733307       1.27093983    
   38.9265862       1.15150344    
   39.0798416       1.03108704    
   39.2330971      0.909690678    
   39.3863525      0.787314296    
   39.5396080      0.663957953    
   39.6928635      0.539621592    
   39.8461189      0.414305240    
   39.9993744      0.288008898    
   40.1526299      0.160732552    
   40.3058853       3.24762166E-02
   40.4591408      -9.67601091E-02
