   0.00000000       0.00000000    
   1.53254378       1.28503311    
   3.06508756       2.47206616    
   4.59763145       3.56109929    
   6.13017511       4.55213261    
   7.66271877       5.44516563    
   9.19526291       6.24019909    
   10.7278070       6.93723249    
   12.2603512       7.53626585    
   13.7928953       8.03729916    
   15.3254395       8.44033241    
   16.8579826       8.74536514    
   18.3905258       8.95239830    
   19.9230690       9.06143188    
   21.4556122       9.07246494    
   22.9881554       8.98549843    
   24.5206985       8.80053139    
   26.0532417       8.51756477    
   27.5857849       8.13659763    
   29.1183281       7.65763092    
   30.6508713       7.08066416    
   32.1834145       6.40569735    
   33.7159576       5.63273048    
   35.2485008       4.76176357    
   36.7810440       3.79279661    
   38.3135872       2.72582960    
   39.8461304       1.56086278    
   41.3786736      0.297896028    
   42.9112167      -1.06307065    
