   0.00000000       0.00000000    
   6.85204044E-02  0.187896118    
  0.137040809      0.374812245    
  0.205561221      0.560748339    
  0.274081618      0.745704472    
  0.342602015      0.929680586    
  0.411122411       1.11267674    
  0.479642808       1.29469287    
  0.548163235       1.47572899    
  0.616683662       1.65578508    
  0.685204089       1.83486128    
  0.753724515       2.01295733    
  0.822244942       2.19007349    
  0.890765369       2.36620975    
  0.959285796       2.54136586    
   1.02780616       2.71554208    
   1.09632659       2.88873816    
   1.16484702       3.06095433    
   1.23336744       3.23219061    
   1.30188787       3.40244675    
   1.37040830       3.57172298    
   1.43892872       3.74001908    
   1.50744915       3.90733528    
   1.57596958       4.07367134    
   1.64449000       4.23902750    
   1.71301043       4.40340376    
   1.78153086       4.56680012    
   1.85005128       4.72921658    
   1.91857171       4.89065266    
   1.98709214       5.05110884    
   2.05561256       5.21058512    
   2.12413287       5.36908150    
   2.19265318       5.52659798    
   2.26117349       5.68313408    
   2.32969379       5.83869028    
   2.39821410       5.99326658    
   2.46673441       6.14686298    
   2.53525472       6.29947948    
   2.60377502       6.45111561    
   2.67229533       6.60177183    
   2.74081564       6.75144815    
   2.80933595       6.90014458    
   2.87785625       7.04786110    
   2.94637656       7.19459724    
   3.01489687       7.34035349    
   3.08341718       7.48512983    
   3.15193748       7.62892628    
   3.22045779       7.77174282    
   3.28897810       7.91357899    
   3.35749841       8.05443573    
   3.42601871       8.19431210    
   3.49453902       8.33320808    
   3.56305933       8.47112465    
   3.63157964       8.60806084    
   3.70009995       8.74401760    
   3.76862025       8.87899399    
   3.83714056       9.01299000    
   3.90566087       9.14600658    
   3.97418118       9.27804279    
   4.04270172       9.40909958    
   4.11122227       9.53917599    
   4.17974281       9.66827202    
   4.24826336       9.79638863    
   4.31678391       9.92352486    
   4.38530445       10.0496817    
   4.45382500       10.1748581    
   4.52234554       10.2990541    
   4.59086609       10.4222708    
   4.65938663       10.5445070    
   4.72790718       10.6657639    
   4.79642773       10.7860403    
   4.86494827       10.9053364    
   4.93346882       11.0236530    
   5.00198936       11.1409893    
   5.07050991       11.2573462    
   5.13903046       11.3727226    
   5.20755100       11.4871187    
   5.27607155       11.6005354    
   5.34459209       11.7129717    
   5.41311264       11.8244286    
   5.48163319       11.9349051    
   5.55015373       12.0444012    
   5.61867428       12.1529179    
   5.68719482       12.2604542    
   5.75571537       12.3670111    
   5.82423592       12.4725876    
   5.89275646       12.5771837    
   5.96127701       12.6808004    
   6.02979755       12.7834368    
   6.09831810       12.8850937    
   6.16683865       12.9857702    
   6.23535919       13.0854664    
   6.30387974       13.1841831    
   6.37240028       13.2819195    
   6.44092083       13.3786764    
   6.50944138       13.4744530    
   6.57796192       13.5692492    
   6.64648247       13.6630659    
   6.71500301       13.7559023    
   6.78352356       13.8477592    
   6.85204411       13.9386358    
   6.92056465       14.0285320    
   6.98908520       14.1174488    
   7.05760574       14.2053852    
   7.12612629       14.2923422    
   7.19464684       14.3783188    
   7.26316738       14.4633150    
   7.33168793       14.5473318    
   7.40020847       14.6303682    
   7.46872902       14.7124252    
   7.53724957       14.7935019    
   7.60577011       14.8735981    
   7.67429066       14.9527149    
   7.74281120       15.0308514    
   7.81133175       15.1080084    
   7.87985229       15.1841850    
   7.94837284       15.2593813    
   8.01689339       15.3335981    
   8.08541393       15.4068346    
   8.15393448       15.4790916    
   8.22245502       15.5503683    
   8.29097557       15.6206646    
   8.35949612       15.6899815    
   8.42801666       15.7583179    
   8.49653721       15.8256741    
   8.56505775       15.8920507    
   8.63357830       15.9574471    
   8.70209885       16.0218639    
   8.77061939       16.0853004    
   8.83913994       16.1477566    
   8.90766048       16.2092323    
   8.97618103       16.2697296    
   9.04470158       16.3292465    
   9.11322212       16.3877831    
   9.18174267       16.4453392    
   9.25026321       16.5019150    
   9.31878376       16.5575123    
   9.38730431       16.6121292    
   9.45582485       16.6657658    
   9.52434540       16.7184219    
   9.59286594       16.7700977    
   9.66138649       16.8207951    
   9.72990704       16.8705120    
   9.79842758       16.9192486    
   9.86694813       16.9670048    
   9.93546867       17.0137806    
   10.0039892       17.0595779    
   10.0725098       17.1043949    
   10.1410303       17.1482315    
   10.2095509       17.1910877    
   10.2780714       17.2329636    
   10.3465919       17.2738609    
   10.4151125       17.3137779    
   10.4836330       17.3527145    
   10.5521536       17.3906708    
   10.6206741       17.4276466    
   10.6891947       17.4636440    
   10.7577152       17.4986610    
   10.8262358       17.5326977    
   10.8947563       17.5657539    
   10.9632769       17.5978298    
   11.0317974       17.6289272    
   11.1003180       17.6590443    
   11.1688385       17.6881809    
   11.2373590       17.7163372    
   11.3058796       17.7435131    
   11.3744001       17.7697105    
   11.4429207       17.7949276    
   11.5114412       17.8191643    
   11.5799618       17.8424206    
   11.6484823       17.8646965    
   11.7170029       17.8859940    
   11.7855234       17.9063110    
   11.8540440       17.9256477    
   11.9225645       17.9440041    
   11.9910851       17.9613800    
   12.0596056       17.9777775    
   12.1281261       17.9931946    
   12.1966467       18.0076313    
   12.2651672       18.0210876    
   12.3336878       18.0335636    
   12.4022083       18.0450611    
   12.4707289       18.0555782    
   12.5392494       18.0651150    
   12.6077700       18.0736713    
   12.6762905       18.0812473    
   12.7448111       18.0878429    
   12.8133316       18.0934601    
   12.8818521       18.0980968    
   12.9503727       18.1017532    
   13.0188932       18.1044292    
   13.0874138       18.1061249    
   13.1559343       18.1068420    
   13.2244549       18.1065788    
   13.2929754       18.1053352    
   13.3614960       18.1031113    
   13.4300165       18.0999069    
   13.4985371       18.0957241    
   13.5670576       18.0905609    
   13.6355782       18.0844173    
   13.7040987       18.0772934    
   13.7726192       18.0691891    
   13.8411398       18.0601063    
   13.9096603       18.0500431    
   13.9781809       18.0389996    
   14.0467014       18.0269756    
   14.1152220       18.0139713    
   14.1837425       17.9999886    
   14.2522631       17.9850254    
   14.3207836       17.9690819    
   14.3893042       17.9521580    
   14.4578247       17.9342537    
   14.5263453       17.9153709    
   14.5948658       17.8955078    
   14.6633863       17.8746643    
   14.7319069       17.8528404    
   14.8004274       17.8300362    
   14.8689480       17.8062534    
   14.9374685       17.7814903    
   15.0059891       17.7557468    
   15.0745096       17.7290230    
   15.1430302       17.7013187    
   15.2115507       17.6726360    
   15.2800713       17.6429729    
   15.3485918       17.6123295    
   15.4171124       17.5807056    
   15.4856329       17.5481014    
   15.5541534       17.5145187    
   15.6226740       17.4799557    
   15.6911945       17.4444122    
   15.7597151       17.4078884    
   15.8282356       17.3703842    
   15.8967562       17.3319016    
   15.9652767       17.2924385    
   16.0337963       17.2519951    
   16.1023159       17.2105713    
   16.1708355       17.1681671    
   16.2393551       17.1247845    
   16.3078747       17.0804214    
   16.3763943       17.0350780    
   16.4449139       16.9887543    
   16.5134335       16.9414501    
   16.5819530       16.8931675    
   16.6504726       16.8439045    
   16.7189922       16.7936611    
   16.7875118       16.7424374    
   16.8560314       16.6902332    
   16.9245510       16.6370506    
   16.9930706       16.5828876    
   17.0615902       16.5277443    
   17.1301098       16.4716206    
   17.1986294       16.4145164    
   17.2671490       16.3564339    
   17.3356686       16.2973709    
   17.4041882       16.2373276    
   17.4727077       16.1763039    
   17.5412273       16.1142998    
   17.6097469       16.0513172    
   17.6782665       15.9873533    
   17.7467861       15.9224100    
   17.8153057       15.8564863    
   17.8838253       15.7895832    
   17.9523449       15.7216997    
   18.0208645       15.6528358    
   18.0893841       15.5829926    
   18.1579037       15.5121689    
   18.2264233       15.4403658    
   18.2949429       15.3675823    
   18.3634624       15.2938185    
   18.4319820       15.2190752    
   18.5005016       15.1433516    
   18.5690212       15.0666485    
   18.6375408       14.9889650    
   18.7060604       14.9103012    
   18.7745800       14.8306580    
   18.8430996       14.7500343    
   18.9116192       14.6684313    
   18.9801388       14.5858479    
   19.0486584       14.5022840    
   19.1171780       14.4177408    
   19.1856976       14.3322172    
   19.2542171       14.2457142    
   19.3227367       14.1582308    
   19.3912563       14.0697670    
   19.4597759       13.9803238    
   19.5282955       13.8899002    
   19.5968151       13.7984972    
   19.6653347       13.7061138    
   19.7338543       13.6127501    
   19.8023739       13.5184069    
   19.8708935       13.4230833    
   19.9394131       13.3267803    
   20.0079327       13.2294970    
   20.0764523       13.1312332    
   20.1449718       13.0319901    
   20.2134914       12.9317665    
   20.2820110       12.8305635    
   20.3505306       12.7283802    
   20.4190502       12.6252165    
   20.4875698       12.5210733    
   20.5560894       12.4159498    
   20.6246090       12.3098469    
   20.6931286       12.2027636    
   20.7616482       12.0946999    
   20.8301678       11.9856567    
   20.8986874       11.8756332    
   20.9672070       11.7646303    
   21.0357265       11.6526470    
   21.1042461       11.5396833    
   21.1727657       11.4257402    
   21.2412853       11.3108168    
   21.3098049       11.1949139    
   21.3783245       11.0780306    
   21.4468441       10.9601669    
   21.5153637       10.8413239    
   21.5838833       10.7215004    
   21.6524029       10.6006975    
   21.7209225       10.4789143    
   21.7894421       10.3561506    
   21.8579617       10.2324076    
   21.9264812       10.1076841    
   21.9950008       9.98198128    
   22.0635204       9.85529804    
   22.1320400       9.72763443    
   22.2005596       9.59899139    
   22.2690792       9.46936798    
   22.3375988       9.33876514    
   22.4061184       9.20718193    
   22.4746380       9.07461834    
   22.5431576       8.94107533    
   22.6116772       8.80655193    
   22.6801968       8.67104912    
   22.7487164       8.53456593    
   22.8172359       8.39710236    
   22.8857555       8.25865936    
   22.9542751       8.11923599    
   23.0227947       7.97883272    
   23.0913143       7.83744955    
   23.1598339       7.69508648    
   23.2283535       7.55174351    
   23.2968731       7.40742016    
   23.3653927       7.26211691    
   23.4339123       7.11583376    
   23.5024319       6.96857071    
   23.5709515       6.82032776    
   23.6394711       6.67110443    
   23.7079906       6.52090120    
   23.7765102       6.36971807    
   23.8450298       6.21755505    
   23.9135494       6.06441212    
   23.9820690       5.91028881    
   24.0505886       5.75518560    
   24.1191082       5.59910250    
   24.1876278       5.44203949    
   24.2561474       5.28399658    
   24.3246670       5.12497330    
   24.3931866       4.96497011    
   24.4617062       4.80398703    
   24.5302258       4.64202404    
   24.5987453       4.47908115    
   24.6672649       4.31515789    
   24.7357845       4.15025473    
   24.8043041       3.98437166    
   24.8728237       3.81750846    
   24.9413433       3.64966536    
   25.0098629       3.48084235    
   25.0783825       3.31103921    
   25.1469021       3.14025617    
   25.2154217       2.96849298    
   25.2839413       2.79574990    
   25.3524609       2.62202692    
   25.4209805       2.44732380    
   25.4895000       2.27164078    
   25.5580196       2.09497762    
   25.6265392       1.91733456    
   25.6950588       1.73871148    
   25.7635784       1.55910850    
   25.8320980       1.37852550    
   25.9006176       1.19696248    
   25.9691372       1.01441944    
   26.0376568      0.830896437    
   26.1061764      0.646393418    
   26.1746960      0.460910410    
   26.2432156      0.274447381    
   26.3117352       8.70043784E-02
   26.3802547     -0.101418614    
