   10.100000000000000                0
   10.300000000000001                0
   10.500000000000000                0
   10.699999999999999                0
   10.900000000000000                0
   11.100000000000000                0
   11.300000000000001                0
   11.500000000000000                0
   11.699999999999999                0
   11.900000000000000                0
   12.100000000000000                0
   12.300000000000001                0
   12.500000000000000                0
   12.699999999999999                0
   12.900000000000000                0
   13.100000000000000                0
   13.300000000000001                0
   13.500000000000000                0
   13.699999999999999                0
   13.900000000000000                0
   14.100000000000001                0
   14.300000000000001                0
   14.500000000000000                0
   14.699999999999999                0
   14.900000000000000                0
   15.100000000000001                0
   15.300000000000001                0
   15.500000000000000                0
   15.699999999999999                0
   15.900000000000000                1
   16.100000000000001                0
   16.300000000000001                0
   16.500000000000000                1
   16.699999999999999                0
   16.899999999999999                0
   17.100000000000001                2
   17.300000000000001                0
   17.500000000000000                0
   17.699999999999999                2
   17.899999999999999                3
   18.100000000000001                1
   18.300000000000001                5
   18.500000000000000                4
   18.700000000000003                0
   18.899999999999999                1
   19.100000000000001                0
   19.300000000000001                3
   19.500000000000000                1
   19.700000000000003                1
   19.899999999999999                3
   20.100000000000001                0
   20.300000000000001                2
   20.500000000000000                5
   20.700000000000003                3
   20.899999999999999                3
   21.100000000000001                4
   21.300000000000001                2
   21.500000000000000                4
   21.700000000000003                2
   21.899999999999999                4
   22.100000000000001                4
   22.300000000000001                4
   22.500000000000000                6
   22.700000000000003                1
   22.899999999999999                2
   23.100000000000001                2
   23.300000000000001                0
   23.500000000000000                1
   23.700000000000003                2
   23.899999999999999                4
   24.100000000000001                2
   24.300000000000001                1
   24.500000000000000                2
   24.700000000000003                2
   24.899999999999999                0
   25.100000000000001                3
   25.300000000000001                0
   25.500000000000000                1
   25.700000000000003                2
   25.899999999999999                2
   26.100000000000001                0
   26.300000000000001                0
   26.500000000000000                0
   26.699999999999999                0
   26.900000000000002                0
   27.100000000000001                1
   27.300000000000001                0
   27.500000000000000                0
   27.699999999999999                0
   27.900000000000002                0
   28.100000000000001                0
   28.300000000000001                1
   28.500000000000000                0
   28.699999999999999                0
   28.900000000000002                0
   29.100000000000001                0
   29.300000000000001                0
   29.500000000000000                0
   29.700000000000003                0
   29.900000000000002                0
