   0.00000000      0.500000000    
   9.99999978E-03  0.505499005    
   1.99999996E-02  0.511384428    
   2.99999993E-02  0.517645121    
   3.99999991E-02  0.524269998    
   4.99999970E-02  0.531247795    
   5.99999949E-02  0.538567305    
   6.99999928E-02  0.546217203    
   7.99999908E-02  0.554186165    
   8.99999887E-02  0.562462747    
   9.99999866E-02  0.571035445    
  0.109999985      0.579892814    
  0.119999982      0.589023292    
  0.129999980      0.598415315    
  0.139999986      0.608057320    
  0.149999991      0.617937624    
  0.159999996      0.628044665    
  0.170000002      0.638366878    
  0.180000007      0.648892641    
  0.190000013      0.659610391    
  0.200000018      0.670508683    
  0.210000023      0.681576073    
  0.220000029      0.692801178    
  0.230000034      0.704172730    
  0.240000039      0.715679526    
  0.250000030      0.727310598    
  0.260000020      0.739054978    
  0.270000011      0.750901937    
  0.280000001      0.762840867    
  0.289999992      0.774861336    
  0.299999982      0.786953151    
  0.309999973      0.799106240    
  0.319999963      0.811310828    
  0.329999954      0.823557317    
  0.339999944      0.835836411    
  0.349999934      0.848138928    
  0.359999925      0.860456109    
  0.369999915      0.872779429    
  0.379999906      0.885100543    
  0.389999896      0.897411466    
  0.399999887      0.909704506    
  0.409999877      0.921972275    
  0.419999868      0.934207618    
  0.429999858      0.946403742    
  0.439999849      0.958554149    
  0.449999839      0.970652640    
  0.459999830      0.982693315    
  0.469999820      0.994670570    
  0.479999810       1.00657916    
  0.489999801       1.01841414    
  0.499999791       1.03017080    
  0.509999812       1.04184473    
  0.519999802       1.05343187    
  0.529999793       1.06492853    
  0.539999783       1.07633102    
  0.549999774       1.08763623    
  0.559999764       1.09884119    
  0.569999754       1.10994315    
  0.579999745       1.12093961    
  0.589999735       1.13182855    
  0.599999726       1.14260781    
  0.609999716       1.15327573    
  0.619999707       1.16383088    
  0.629999697       1.17427182    
  0.639999688       1.18459749    
  0.649999678       1.19480705    
  0.659999669       1.20489979    
  0.669999659       1.21487510    
  0.679999650       1.22473264    
  0.689999640       1.23447227    
  0.699999630       1.24409378    
  0.709999621       1.25359738    
  0.719999611       1.26298320    
  0.729999602       1.27225161    
  0.739999592       1.28140306    
  0.749999583       1.29043818    
  0.759999573       1.29935753    
  0.769999564       1.30816197    
  0.779999554       1.31685221    
  0.789999545       1.32542920    
  0.799999535       1.33389390    
  0.809999526       1.34224737    
  0.819999516       1.35049081    
  0.829999506       1.35862529    
  0.839999497       1.36665201    
  0.849999487       1.37457228    
  0.859999478       1.38238728    
  0.869999468       1.39009833    
  0.879999459       1.39770687    
  0.889999449       1.40521419    
  0.899999440       1.41262162    
  0.909999430       1.41993058    
  0.919999421       1.42714250    
  0.929999411       1.43425882    
  0.939999402       1.44128084    
  0.949999392       1.44821000    
  0.959999382       1.45504773    
  0.969999373       1.46179545    
  0.979999363       1.46845448    
  0.989999354       1.47502625    
  0.999999344       1.48151219    
   1.00999939       1.48791361    
   1.01999938       1.49423182    
   1.02999938       1.50046825    
   1.03999937       1.50662410    
   1.04999936       1.51270080    
   1.05999935       1.51869953    
   1.06999934       1.52462149    
   1.07999933       1.53046811    
   1.08999932       1.53624046    
   1.09999931       1.54193974    
   1.10999930       1.54756713    
   1.11999929       1.55312383    
   1.12999928       1.55861092    
   1.13999927       1.56402957    
   1.14999926       1.56938076    
   1.15999925       1.57466567    
   1.16999924       1.57988524    
   1.17999923       1.58504045    
   1.18999922       1.59013236    
   1.19999921       1.59516191    
   1.20999920       1.60013008    
   1.21999919       1.60503769    
   1.22999918       1.60988569    
   1.23999918       1.61467505    
   1.24999917       1.61940646    
   1.25999916       1.62408090    
   1.26999915       1.62869906    
   1.27999914       1.63326180    
   1.28999913       1.63776994    
   1.29999912       1.64222407    
   1.30999911       1.64662504    
   1.31999910       1.65097356    
   1.32999909       1.65527022    
   1.33999908       1.65951586    
   1.34999907       1.66371095    
   1.35999906       1.66785622    
   1.36999905       1.67195237    
   1.37999904       1.67599988    
   1.38999903       1.67999935    
   1.39999902       1.68395138    
   1.40999901       1.68785655    
   1.41999900       1.69171536    
   1.42999899       1.69552827    
   1.43999898       1.69929588    
   1.44999897       1.70301878    
   1.45999897       1.70669734    
   1.46999896       1.71033204    
   1.47999895       1.71392334    
   1.48999894       1.71747160    
   1.49999893       1.72097743    
   1.50999892       1.72444117    
   1.51999891       1.72786319    
   1.52999890       1.73124397    
   1.53999889       1.73458385    
   1.54999888       1.73788321    
   1.55999887       1.74114239    
   1.56999886       1.74436188    
   1.57999885       1.74754190    
   1.58999884       1.75068283    
   1.59999883       1.75378501    
   1.60999882       1.75684881    
   1.61999881       1.75987446    
   1.62999880       1.76286232    
   1.63999879       1.76581264    
   1.64999878       1.76872575    
   1.65999877       1.77160192    
   1.66999876       1.77444148    
   1.67999876       1.77724457    
   1.68999875       1.78001153    
   1.69999874       1.78274274    
   1.70999873       1.78543830    
   1.71999872       1.78809845    
   1.72999871       1.79072356    
   1.73999870       1.79331374    
   1.74999869       1.79586923    
   1.75999868       1.79839027    
   1.76999867       1.80087709    
   1.77999866       1.80332994    
   1.78999865       1.80574894    
   1.79999864       1.80813432    
   1.80999863       1.81048632    
   1.81999862       1.81280506    
   1.82999861       1.81509078    
   1.83999860       1.81734371    
   1.84999859       1.81956398    
   1.85999858       1.82175171    
   1.86999857       1.82390714    
   1.87999856       1.82603037    
   1.88999856       1.82812166    
   1.89999855       1.83018112    
   1.90999854       1.83220887    
   1.91999853       1.83420503    
   1.92999852       1.83616984    
   1.93999851       1.83810341    
   1.94999850       1.84000587    
   1.95999849       1.84187746    
   1.96999848       1.84371817    
   1.97999847       1.84552824    
   1.98999846       1.84730768    
   1.99999845       1.84905672    
   2.00999856       1.85077548    
   2.01999855       1.85246408    
   2.02999854       1.85412264    
   2.03999853       1.85575116    
   2.04999852       1.85734987    
   2.05999851       1.85891891    
   2.06999850       1.86045825    
   2.07999849       1.86196816    
   2.08999848       1.86344862    
   2.09999847       1.86489975    
   2.10999846       1.86632168    
   2.11999846       1.86771452    
   2.12999845       1.86907840    
   2.13999844       1.87041330    
   2.14999843       1.87171936    
   2.15999842       1.87299669    
   2.16999841       1.87424529    
   2.17999840       1.87546539    
   2.18999839       1.87665701    
   2.19999838       1.87782013    
   2.20999837       1.87895501    
   2.21999836       1.88006151    
   2.22999835       1.88113987    
   2.23999834       1.88219011    
   2.24999833       1.88321233    
   2.25999832       1.88420653    
   2.26999831       1.88517284    
   2.27999830       1.88611126    
   2.28999829       1.88702190    
   2.29999828       1.88790488    
   2.30999827       1.88876021    
   2.31999826       1.88958788    
   2.32999825       1.89038801    
   2.33999825       1.89116073    
   2.34999824       1.89190590    
   2.35999823       1.89262378    
   2.36999822       1.89331424    
   2.37999821       1.89397740    
   2.38999820       1.89461339    
   2.39999819       1.89522219    
   2.40999818       1.89580381    
   2.41999817       1.89635837    
   2.42999816       1.89688587    
   2.43999815       1.89738631    
   2.44999814       1.89785981    
   2.45999813       1.89830637    
   2.46999812       1.89872599    
   2.47999811       1.89911878    
   2.48999810       1.89948475    
   2.49999809       1.89982390    
   2.50999808       1.90013623    
   2.51999807       1.90042186    
   2.52999806       1.90068078    
   2.53999805       1.90091300    
   2.54999804       1.90111864    
   2.55999804       1.90129757    
   2.56999803       1.90144992    
   2.57999802       1.90157568    
   2.58999801       1.90167487    
   2.59999800       1.90174758    
   2.60999799       1.90179372    
   2.61999798       1.90181339    
   2.62999797       1.90180647    
   2.63999796       1.90177310    
   2.64999795       1.90171325    
   2.65999794       1.90162694    
   2.66999793       1.90151429    
   2.67999792       1.90137517    
   2.68999791       1.90120959    
   2.69999790       1.90101767    
   2.70999789       1.90079927    
   2.71999788       1.90055454    
   2.72999787       1.90028334    
   2.73999786       1.89998579    
   2.74999785       1.89966190    
   2.75999784       1.89931166    
   2.76999784       1.89893496    
   2.77999783       1.89853191    
   2.78999782       1.89810240    
   2.79999781       1.89764655    
   2.80999780       1.89716434    
   2.81999779       1.89665568    
   2.82999778       1.89612067    
   2.83999777       1.89555919    
   2.84999776       1.89497137    
   2.85999775       1.89435709    
   2.86999774       1.89371634    
   2.87999773       1.89304912    
   2.88999772       1.89235544    
   2.89999771       1.89163530    
   2.90999770       1.89088869    
   2.91999769       1.89011550    
   2.92999768       1.88931584    
   2.93999767       1.88848960    
   2.94999766       1.88763678    
   2.95999765       1.88675737    
   2.96999764       1.88585138    
   2.97999763       1.88491869    
   2.98999763       1.88395929    
   2.99999762       1.88297331    
