   0.00000000       2.50000000    
   9.99999978E-03   2.38549900    
   1.99999996E-02   2.28268290    
   2.99999993E-02   2.18996096    
   3.99999991E-02   2.10602641    
   4.99999970E-02   2.02979445    
   5.99999949E-02   1.96035719    
   6.99999928E-02   1.89694822    
   7.99999908E-02   1.83891594    
   8.99999887E-02   1.78570271    
   9.99999866E-02   1.73682797    
  0.109999985       1.69187558    
  0.119999982       1.65048277    
  0.129999980       1.61233187    
  0.139999986       1.57714355    
  0.149999991       1.54467094    
  0.159999996       1.51469481    
  0.170000002       1.48701978    
  0.180000007       1.46147120    
  0.190000013       1.43789220    
  0.200000018       1.41614151    
  0.210000023       1.39609134    
  0.220000029       1.37762594    
  0.230000034       1.36063993    
  0.240000039       1.34503710    
  0.250000030       1.33072960    
  0.260000020       1.31763673    
  0.270000011       1.30568445    
  0.280000001       1.29480422    
  0.289999992       1.28493285    
  0.299999982       1.27601182    
  0.309999973       1.26798666    
  0.319999963       1.26080680    
  0.329999954       1.25442517    
  0.339999944       1.24879754    
  0.349999934       1.24388266    
  0.359999925       1.23964179    
  0.369999915       1.23603857    
  0.379999906       1.23303878    
  0.389999896       1.23061013    
  0.399999887       1.22872210    
  0.409999877       1.22734594    
  0.419999868       1.22645438    
  0.429999858       1.22602153    
  0.439999849       1.22602296    
  0.449999839       1.22643530    
  0.459999830       1.22723639    
  0.469999820       1.22840524    
  0.479999810       1.22992170    
  0.489999801       1.23176658    
  0.499999791       1.23392165    
  0.509999812       1.23636937    
  0.519999802       1.23909318    
  0.529999793       1.24207711    
  0.539999783       1.24530602    
  0.549999774       1.24876523    
  0.559999764       1.25244093    
  0.569999754       1.25631976    
  0.579999745       1.26038897    
  0.589999735       1.26463640    
  0.599999726       1.26905024    
  0.609999716       1.27361941    
  0.619999707       1.27833331    
  0.629999697       1.28318155    
  0.639999688       1.28815448    
  0.649999678       1.29324257    
  0.659999669       1.29843700    
  0.669999659       1.30372918    
  0.679999650       1.30911100    
  0.689999640       1.31457460    
  0.699999630       1.32011247    
  0.709999621       1.32571757    
  0.719999611       1.33138299    
  0.729999602       1.33710241    
  0.739999592       1.34286952    
  0.749999583       1.34867859    
  0.759999573       1.35452390    
  0.769999564       1.36040020    
  0.779999554       1.36630237    
  0.789999545       1.37222576    
  0.799999535       1.37816572    
  0.809999526       1.38411784    
  0.819999516       1.39007819    
  0.829999506       1.39604282    
  0.839999497       1.40200806    
  0.849999487       1.40797055    
  0.859999478       1.41392696    
  0.869999468       1.41987419    
  0.879999459       1.42580926    
  0.889999449       1.43172956    
  0.899999440       1.43763256    
  0.909999430       1.44351578    
  0.919999421       1.44937706    
  0.929999411       1.45521414    
  0.939999402       1.46102512    
  0.949999392       1.46680820    
  0.959999382       1.47256160    
  0.969999373       1.47828388    
  0.979999363       1.48397338    
  0.989999354       1.48962879    
  0.999999344       1.49524891    
   1.00999939       1.50083256    
   1.01999938       1.50637853    
   1.02999938       1.51188600    
   1.03999937       1.51735401    
   1.04999936       1.52278173    
   1.05999935       1.52816844    
   1.06999934       1.53351343    
   1.07999933       1.53881609    
   1.08999932       1.54407597    
   1.09999931       1.54929256    
   1.10999930       1.55446541    
   1.11999929       1.55959415    
   1.12999928       1.56467843    
   1.13999927       1.56971800    
   1.14999926       1.57471263    
   1.15999925       1.57966220    
   1.16999924       1.58456647    
   1.17999923       1.58942544    
   1.18999922       1.59423900    
   1.19999921       1.59900701    
   1.20999920       1.60372949    
   1.21999919       1.60840654    
   1.22999918       1.61303806    
   1.23999918       1.61762416    
   1.24999917       1.62216496    
   1.25999916       1.62666059    
   1.26999915       1.63111103    
   1.27999914       1.63551652    
   1.28999913       1.63987720    
   1.29999912       1.64419329    
   1.30999911       1.64846480    
   1.31999910       1.65269208    
   1.32999909       1.65687525    
   1.33999908       1.66101456    
   1.34999907       1.66511011    
   1.35999906       1.66916227    
   1.36999905       1.67317116    
   1.37999904       1.67713714    
   1.38999903       1.68106031    
   1.39999902       1.68494105    
   1.40999901       1.68877947    
   1.41999900       1.69257593    
   1.42999899       1.69633067    
   1.43999898       1.70004392    
   1.44999897       1.70371592    
   1.45999897       1.70734692    
   1.46999896       1.71093726    
   1.47999895       1.71448708    
   1.48999894       1.71799672    
   1.49999893       1.72146642    
   1.50999892       1.72489643    
   1.51999891       1.72828710    
   1.52999890       1.73163855    
   1.53999889       1.73495114    
   1.54999888       1.73822498    
   1.55999887       1.74146044    
   1.56999886       1.74465775    
   1.57999885       1.74781716    
   1.58999884       1.75093889    
   1.59999883       1.75402308    
   1.60999882       1.75707006    
   1.61999881       1.76008010    
   1.62999880       1.76305342    
   1.63999879       1.76599026    
   1.64999878       1.76889086    
   1.65999877       1.77175534    
   1.66999876       1.77458394    
   1.67999876       1.77737701    
   1.68999875       1.78013456    
   1.69999874       1.78285694    
   1.70999873       1.78554440    
   1.71999872       1.78819704    
   1.72999871       1.79081500    
   1.73999870       1.79339862    
   1.74999869       1.79594803    
   1.75999868       1.79846346    
   1.76999867       1.80094504    
   1.77999866       1.80339301    
   1.78999865       1.80580747    
   1.79999864       1.80818868    
   1.80999863       1.81053674    
   1.81999862       1.81285191    
   1.82999861       1.81513429    
   1.83999860       1.81738400    
   1.84999859       1.81960130    
   1.85999858       1.82178628    
   1.86999857       1.82393920    
   1.87999856       1.82606006    
   1.88999856       1.82814908    
   1.89999855       1.83020651    
   1.90999854       1.83223236    
   1.91999853       1.83422685    
   1.92999852       1.83619010    
   1.93999851       1.83812225    
   1.94999850       1.84002340    
   1.95999849       1.84189367    
   1.96999848       1.84373319    
   1.97999847       1.84554207    
   1.98999846       1.84732056    
   1.99999845       1.84906864    
   2.00999856       1.85078657    
   2.01999855       1.85247433    
   2.02999854       1.85413206    
   2.03999853       1.85575998    
   2.04999852       1.85735810    
   2.05999851       1.85892653    
   2.06999850       1.86046541    
   2.07999849       1.86197472    
   2.08999848       1.86345470    
   2.09999847       1.86490548    
   2.10999846       1.86632705    
   2.11999846       1.86771953    
   2.12999845       1.86908305    
   2.13999844       1.87041759    
   2.14999843       1.87172329    
   2.15999842       1.87300026    
   2.16999841       1.87424862    
   2.17999840       1.87546849    
   2.18999839       1.87665987    
   2.19999838       1.87782288    
   2.20999837       1.87895751    
   2.21999836       1.88006389    
   2.22999835       1.88114202    
   2.23999834       1.88219213    
   2.24999833       1.88321424    
   2.25999832       1.88420832    
   2.26999831       1.88517451    
   2.27999830       1.88611281    
   2.28999829       1.88702333    
   2.29999828       1.88790619    
   2.30999827       1.88876140    
   2.31999826       1.88958895    
   2.32999825       1.89038897    
   2.33999825       1.89116156    
   2.34999824       1.89190674    
   2.35999823       1.89262450    
   2.36999822       1.89331496    
   2.37999821       1.89397812    
   2.38999820       1.89461410    
   2.39999819       1.89522278    
   2.40999818       1.89580441    
   2.41999817       1.89635897    
   2.42999816       1.89688647    
   2.43999815       1.89738691    
   2.44999814       1.89786041    
   2.45999813       1.89830697    
   2.46999812       1.89872658    
   2.47999811       1.89911938    
   2.48999810       1.89948523    
   2.49999809       1.89982438    
   2.50999808       1.90013671    
   2.51999807       1.90042233    
   2.52999806       1.90068126    
   2.53999805       1.90091348    
   2.54999804       1.90111899    
   2.55999804       1.90129793    
   2.56999803       1.90145028    
   2.57999802       1.90157604    
   2.58999801       1.90167522    
   2.59999800       1.90174782    
   2.60999799       1.90179396    
   2.61999798       1.90181351    
   2.62999797       1.90180659    
   2.63999796       1.90177321    
   2.64999795       1.90171337    
   2.65999794       1.90162706    
   2.66999793       1.90151441    
   2.67999792       1.90137529    
   2.68999791       1.90120971    
   2.69999790       1.90101779    
   2.70999789       1.90079939    
   2.71999788       1.90055466    
   2.72999787       1.90028346    
   2.73999786       1.89998591    
   2.74999785       1.89966202    
   2.75999784       1.89931166    
   2.76999784       1.89893496    
   2.77999783       1.89853191    
   2.78999782       1.89810240    
   2.79999781       1.89764655    
   2.80999780       1.89716434    
   2.81999779       1.89665568    
   2.82999778       1.89612067    
   2.83999777       1.89555919    
   2.84999776       1.89497137    
   2.85999775       1.89435709    
   2.86999774       1.89371634    
   2.87999773       1.89304912    
   2.88999772       1.89235544    
   2.89999771       1.89163530    
   2.90999770       1.89088869    
   2.91999769       1.89011550    
   2.92999768       1.88931584    
   2.93999767       1.88848960    
   2.94999766       1.88763678    
   2.95999765       1.88675737    
   2.96999764       1.88585138    
   2.97999763       1.88491869    
   2.98999763       1.88395929    
   2.99999762       1.88297331    
