   0.00000000       2.50000000    
  0.200000003      0.391999960    
  0.400000006      0.898534358    
  0.600000024       1.30358875    
  0.800000012       1.49585128    
   1.00000000       1.60082293    
   1.20000005       1.68776929    
   1.40000010       1.75634325    
   1.60000014       1.81044674    
   1.80000019       1.85135984    
   2.00000024       1.88034654    
   2.20000029       1.89806545    
   2.40000033       1.90500450    
   2.60000038       1.90138757    
   2.80000043       1.88727760    
   3.00000048       1.86255074    
