   0.00000000      0.400000006    
   5.00000007E-02  0.381067872    
  0.100000001      0.363386244    
  0.150000006      0.347119391    
  0.200000003      0.332416624    
  0.250000000      0.319413006    
  0.300000012      0.308230042    
  0.350000024      0.298976272    
  0.400000036      0.291747928    
  0.450000048      0.286629528    
  0.500000060      0.283694416    
  0.550000072      0.283007115    
  0.600000083      0.284612268    
  0.650000095      0.288563371    
  0.700000107      0.294889718    
  0.750000119      0.303616315    
  0.800000131      0.314759791    
  0.850000143      0.328328878    
  0.900000155      0.344324738    
  0.950000167      0.362741351    
   1.00000012      0.383565813    
   1.05000007      0.406778693    
   1.10000002      0.432354331    
   1.14999998      0.460261196    
   1.19999993      0.490462065    
   1.24999988      0.522914350    
   1.29999983      0.557570338    
   1.34999979      0.594377518    
   1.39999974      0.633273542    
   1.44999969      0.674201906    
   1.49999964      0.717096746    
   1.54999959      0.761888266    
   1.59999955      0.808502793    
   1.64999950      0.856863022    
   1.69999945      0.906888247    
   1.74999940      0.958494365    
   1.79999936       1.01159430    
   1.84999931       1.06609774    
   1.89999926       1.12191176    
   1.94999921       1.17894053    
   1.99999917       1.23708582    
   2.04999924       1.29624677    
   2.09999919       1.35632026    
   2.14999914       1.41720104    
   2.19999909       1.47878146    
   2.24999905       1.54095209    
   2.29999900       1.60360146    
   2.34999895       1.66661644    
   2.39999890       1.72988188    
   2.44999886       1.79328108    
   2.49999881       1.85669577    
   2.54999876       1.92000628    
   2.59999871       1.98309124    
   2.64999866       2.04582810    
   2.69999862       2.10809302    
   2.74999857       2.16976070    
   2.79999852       2.23070502    
   2.84999847       2.29079843    
   2.89999843       2.34991241    
   2.94999838       2.40791726    
   2.99999833       2.46468282    
   3.04999828       2.52007723    
   3.09999824       2.57396841    
   3.14999819       2.62622309    
   3.19999814       2.67670727    
   3.24999809       2.72528648    
   3.29999804       2.77182484    
   3.34999800       2.81618643    
   3.39999795       2.85823441    
   3.44999790       2.89783144    
   3.49999785       2.93484426    
   3.54999781       2.96912861    
   3.59999776       3.00054550    
   3.64999771       3.02895522    
   3.69999766       3.05421782    
   3.74999762       3.07619238    
   3.79999757       3.09473801    
   3.84999752       3.10971308    
   3.89999747       3.12097597    
   3.94999743       3.12838411    
   3.99999738       3.13179493    
   4.04999733       3.13106751    
   4.09999752       3.12605429    
   4.14999771       3.11661386    
   4.19999790       3.10260201    
   4.24999809       3.08387470    
   4.29999828       3.06028748    
   4.34999847       3.03169537    
   4.39999866       2.99795341    
   4.44999886       2.95892167    
   4.49999905       2.91444969    
   4.54999924       2.86439180    
   4.59999943       2.80860209    
   4.64999962       2.74693465    
   4.69999981       2.67924285    
   4.75000000       2.60538054    
   4.80000019       2.52520084    
   4.85000038       2.43855715    
   4.90000057       2.34530258    
   4.95000076       2.24528980    
   5.00000095       2.13837171    
