   0.00000000       1.00000000    
   5.00000007E-02   1.04035580    
  0.100000001       1.08116245    
  0.150000006       1.12251949    
  0.200000003       1.16453242    
  0.250000000       1.20731342    
  0.300000012       1.25098240    
  0.350000024       1.29566741    
  0.400000036       1.34150529    
  0.450000048       1.38864219    
  0.500000060       1.43723416    
  0.550000072       1.48744726    
  0.600000083       1.53945744    
  0.650000095       1.59345019    
  0.700000107       1.64961982    
  0.750000119       1.70816755    
  0.800000131       1.76929939    
  0.850000143       1.83322275    
  0.900000155       1.90014160    
  0.950000167       1.97025025    
   1.00000012       2.04372573    
   1.05000007       2.12071729    
   1.10000002       2.20133471    
   1.14999998       2.28563452    
   1.19999993       2.37360382    
   1.24999988       2.46514392    
   1.29999983       2.56005383    
   1.34999979       2.65801525    
   1.39999974       2.75858164    
   1.44999969       2.86117244    
   1.49999964       2.96507621    
   1.54999959       3.06946206    
   1.59999955       3.17340899    
   1.64999950       3.27593136    
   1.69999945       3.37602496    
   1.74999940       3.47271204    
   1.79999936       3.56508851    
   1.84999931       3.65236330    
   1.89999926       3.73388362    
   1.94999921       3.80916977    
   1.99999917       3.87791061    
   2.04999924       3.93996191    
   2.09999919       3.99533153    
   2.14999914       4.04415894    
   2.19999909       4.08668804    
   2.24999905       4.12324333    
   2.29999900       4.15420246    
   2.34999895       4.17997503    
   2.39999890       4.20098400    
   2.44999886       4.21764994    
   2.49999881       4.23037958    
   2.54999876       4.23955870    
   2.59999871       4.24555588    
   2.64999866       4.24868393    
   2.69999862       4.24923372    
   2.74999857       4.24749231    
   2.79999852       4.24368906    
   2.84999847       4.23803568    
   2.89999843       4.23072958    
   2.94999838       4.22192097    
   2.99999833       4.21174908    
   3.04999828       4.20033455    
   3.09999824       4.18777943    
   3.14999819       4.17417145    
   3.19999814       4.15958357    
   3.24999809       4.14407635    
   3.29999804       4.12769985    
   3.34999800       4.11049414    
   3.39999795       4.09248972    
   3.44999790       4.07370996    
   3.49999785       4.05417061    
   3.54999781       4.03388071    
   3.59999776       4.01284266    
   3.64999771       3.99105382    
   3.69999766       3.96850514    
   3.74999762       3.94518256    
   3.79999757       3.92106676    
   3.84999752       3.89613271    
   3.89999747       3.87035036    
   3.94999743       3.84368396    
   3.99999738       3.81608653    
   4.04999733       3.78751659    
   4.09999752       3.75791931    
   4.14999771       3.72723269    
   4.19999790       3.69538713    
   4.24999809       3.66230369    
   4.29999828       3.62789392    
   4.34999847       3.59205818    
   4.39999866       3.55468464    
   4.44999886       3.51564717    
   4.49999905       3.47480321    
   4.54999924       3.43199205    
   4.59999943       3.38703156    
   4.64999962       3.33971477    
   4.69999981       3.28980637    
   4.75000000       3.23703694    
   4.80000019       3.18109870    
   4.85000038       3.12163830    
   4.90000057       3.05824900    
   4.95000076       2.99046087    
   5.00000095       2.91773081    
