   0.00000000       0.00000000    
   5.00000007E-02   1.17562515E-04
  0.100000001       5.77478320E-04
  0.150000006       1.58673571E-03
  0.200000003       3.33536603E-03
  0.250000000       6.00425340E-03
  0.300000012       9.74737573E-03
  0.350000024       1.47088356E-02
  0.400000036       2.10187286E-02
  0.450000048       2.87938099E-02
  0.500000060       3.81381325E-02
  0.550000072       4.91436496E-02
  0.600000083       6.18907884E-02
  0.650000095       7.64490068E-02
  0.700000107       9.28773060E-02
  0.750000119      0.111224733    
  0.800000131      0.131530866    
  0.850000143      0.153826237    
  0.900000155      0.178132802    
  0.950000167      0.204464301    
   1.00000012      0.232826695    
   1.05000007      0.263218522    
   1.10000002      0.295631230    
   1.14999998      0.330049515    
   1.19999993      0.366451710    
   1.24999988      0.404804945    
   1.29999983      0.445080638    
   1.34999979      0.487239599    
   1.39999974      0.531237423    
   1.44999969      0.577024639    
   1.49999964      0.624546945    
   1.54999959      0.673745573    
   1.59999955      0.724557340    
   1.64999950      0.776914954    
   1.69999945      0.830747187    
   1.74999940      0.885979056    
   1.79999936      0.942532003    
   1.84999931       1.00032413    
   1.89999926       1.05927014    
   1.94999921       1.11928189    
   1.99999917       1.18026805    
   2.04999924       1.24213457    
   2.09999919       1.30478489    
   2.14999914       1.36811972    
   2.19999909       1.43203735    
   2.24999905       1.49643397    
   2.29999900       1.56120324    
   2.34999895       1.62623715    
   2.39999890       1.69142532    
   2.44999886       1.75665581    
   2.49999881       1.82181454    
   2.54999876       1.88678598    
   2.59999871       1.95145285    
   2.64999866       2.01569629    
   2.69999862       2.07939601    
   2.74999857       2.14243031    
   2.79999852       2.20467591    
   2.84999847       2.26600885    
   2.89999843       2.32630324    
   2.94999838       2.38543248    
   2.99999833       2.44326854    
   3.04999828       2.49968266    
   3.09999824       2.55454493    
   3.14999819       2.60772467    
   3.19999814       2.65908980    
   3.24999809       2.70850778    
   3.29999804       2.75584531    
   3.34999800       2.80096793    
   3.39999795       2.84374070    
   3.44999790       2.88402772    
   3.49999785       2.92169785    
   3.54999781       2.95660830    
   3.59999776       2.98862147    
   3.64999771       3.01759911    
   3.69999766       3.04340243    
   3.74999762       3.06589222    
   3.79999757       3.08492851    
   3.84999752       3.10037088    
   3.89999747       3.11207867    
   3.94999743       3.11991048    
   3.99999738       3.12372494    
   4.04999733       3.12338066    
   4.09999752       3.11873364    
   4.14999771       3.10964179    
   4.19999790       3.09596205    
   4.24999809       3.07755113    
   4.29999828       3.05426502    
   4.34999847       3.02595973    
   4.39999866       2.99249101    
   4.44999886       2.95371938    
   4.49999905       2.90949512    
   4.54999924       2.85967326    
   4.59999943       2.80410838    
   4.64999962       2.74265480    
   4.69999981       2.67516685    
   4.75000000       2.60149860    
   4.80000019       2.52150393    
   4.85000038       2.43503642    
   4.90000057       2.34194946    
   4.95000076       2.24209642    
   5.00000095       2.13533044    
