   0.00000000      0.800000012    
   5.00000007E-02  0.762017906    
  0.100000001      0.726193547    
  0.150000006      0.692647994    
  0.200000003      0.661489427    
  0.250000000      0.632813752    
  0.300000012      0.606705070    
  0.350000024      0.583236396    
  0.400000036      0.562470138    
  0.450000048      0.544458568    
  0.500000060      0.529244363    
  0.550000072      0.516860962    
  0.600000083      0.507333040    
  0.650000095      0.500677049    
  0.700000107      0.496901482    
  0.750000119      0.496009618    
  0.800000131      0.497990370    
  0.850000143      0.502833128    
  0.900000155      0.510518253    
  0.950000167      0.521019876    
   1.00000012      0.534306288    
   1.05000007      0.550340116    
   1.10000002      0.569078624    
   1.14999998      0.590474010    
   1.19999993      0.614473462    
   1.24999988      0.641019702    
   1.29999983      0.670050979    
   1.34999979      0.701501250    
   1.39999974      0.735300660    
   1.44999969      0.771375358    
   1.49999964      0.809642911    
   1.54999959      0.850027502    
   1.59999955      0.892444909    
   1.64999950      0.936807930    
   1.69999945      0.983026266    
   1.74999940       1.03100681    
   1.79999936       1.08065379    
   1.84999931       1.13186872    
   1.89999926       1.18455076    
   1.94999921       1.23859680    
   1.99999917       1.29390132    
   2.04999924       1.35035682    
   2.09999919       1.40785372    
   2.14999914       1.46628046    
   2.19999909       1.52552378    
   2.24999905       1.58546865    
   2.29999900       1.64599824    
   2.34999895       1.70699430    
   2.39999890       1.76833701    
   2.44999886       1.82990503    
   2.49999881       1.89157581    
   2.54999876       1.95322537    
   2.59999871       2.01472855    
   2.64999866       2.07595897    
   2.69999862       2.13678908    
   2.74999857       2.19709039    
   2.79999852       2.25673318    
   2.84999847       2.31558704    
   2.89999843       2.37352061    
   2.94999838       2.43040133    
   2.99999833       2.48609614    
   3.04999828       2.54047084    
   3.09999824       2.59339094    
   3.14999819       2.64472079    
   3.19999814       2.69432425    
   3.24999809       2.74206448    
   3.29999804       2.78780389    
   3.34999800       2.83140469    
   3.39999795       2.87272811    
   3.44999790       2.91163492    
   3.49999785       2.94799018    
   3.54999781       2.98164845    
   3.59999776       3.01246905    
   3.64999771       3.04031086    
   3.69999766       3.06503248    
   3.74999762       3.08649206    
   3.79999757       3.10454726    
   3.84999752       3.11905527    
   3.89999747       3.12987328    
   3.94999743       3.13685775    
   3.99999738       3.13986516    
   4.04999733       3.13875437    
   4.09999752       3.13337517    
   4.14999771       3.12358594    
   4.19999790       3.10924220    
   4.24999809       3.09019876    
   4.29999828       3.06631041    
   4.34999847       3.03743148    
   4.39999866       3.00341630    
   4.44999886       2.96412444    
   4.49999905       2.91940475    
   4.54999924       2.86911082    
   4.59999943       2.81309652    
   4.64999962       2.75121498    
   4.69999981       2.68331933    
   4.75000000       2.60926294    
   4.80000019       2.52889848    
   4.85000038       2.44207883    
   4.90000057       2.34865642    
   4.95000076       2.24848390    
   5.00000095       2.14141369    
