   0.00000000       1.20000005    
   5.00000007E-02   1.14297545    
  0.100000001       1.08901501    
  0.150000006       1.03819680    
  0.200000003      0.990587711    
  0.250000000      0.946244538    
  0.300000012      0.905214071    
  0.350000024      0.867528915    
  0.400000036      0.833223224    
  0.450000048      0.802317083    
  0.500000060      0.774822354    
  0.550000072      0.750743270    
  0.600000083      0.730076730    
  0.650000095      0.712812603    
  0.700000107      0.698934078    
  0.750000119      0.688418031    
  0.800000131      0.681235313    
  0.850000143      0.677350998    
  0.900000155      0.676726341    
  0.950000167      0.679312348    
   1.00000012      0.685060084    
   1.05000007      0.693914294    
   1.10000002      0.705815077    
   1.14999998      0.720698357    
   1.19999993      0.738495886    
   1.24999988      0.759135544    
   1.29999983      0.782541513    
   1.34999979      0.808634460    
   1.39999974      0.837331653    
   1.44999969      0.868547142    
   1.49999964      0.902191937    
   1.54999959      0.938174188    
   1.59999955      0.976394176    
   1.64999950       1.01675963    
   1.69999945       1.05917072    
   1.74999940       1.10352540    
   1.79999936       1.14971912    
   1.84999931       1.19764519    
   1.89999926       1.24719501    
   1.94999921       1.29825795    
   1.99999917       1.35072148    
   2.04999924       1.40447128    
   2.09999919       1.45939124    
   2.14999914       1.51536381    
   2.19999909       1.57226992    
   2.24999905       1.62998879    
   2.29999900       1.68839836    
   2.34999895       1.74737537    
   2.39999890       1.80679512    
   2.44999886       1.86653185    
   2.49999881       1.92645848    
   2.54999876       1.98644698    
   2.59999871       2.04636812    
   2.64999866       2.10609174    
   2.69999862       2.16548681    
   2.74999857       2.22442150    
   2.79999852       2.28276300    
   2.84999847       2.34037733    
   2.89999843       2.39713049    
   2.94999838       2.45288706    
   2.99999833       2.50751114    
   3.04999828       2.56086612    
   3.09999824       2.61281490    
   3.14999819       2.66321969    
   3.19999814       2.71194220    
   3.24999809       2.75884342    
   3.29999804       2.80378389    
   3.34999800       2.84662366    
   3.39999795       2.88722229    
   3.44999790       2.92543888    
   3.49999785       2.96113682    
   3.54999781       2.99416900    
   3.59999776       3.02439332    
   3.64999771       3.05166745    
   3.69999766       3.07584834    
   3.74999762       3.09679294    
   3.79999757       3.11435747    
   3.84999752       3.12839818    
   3.89999747       3.13877106    
   3.94999743       3.14533186    
   3.99999738       3.14793563    
   4.04999733       3.14644146    
   4.09999752       3.14069605    
   4.14999771       3.13055825    
   4.19999790       3.11588240    
   4.24999809       3.09652257    
   4.29999828       3.07233286    
   4.34999847       3.04316711    
   4.39999866       3.00887895    
   4.44999886       2.96932697    
   4.49999905       2.92435956    
   4.54999924       2.87382984    
   4.59999943       2.81759071    
   4.64999962       2.75549507    
   4.69999981       2.68739581    
   4.75000000       2.61314535    
   4.80000019       2.53259611    
   4.85000038       2.44560027    
   4.90000057       2.35201025    
   4.95000076       2.25167799    
   5.00000095       2.14445567    
