   0.00000000       2.00000000    
   5.00000007E-02   1.90488040    
  0.100000001       1.81463909    
  0.150000006       1.72926748    
  0.200000003       1.64875054    
  0.250000000       1.57306647    
  0.300000012       1.50218761    
  0.350000024       1.43608022    
  0.400000036       1.37470531    
  0.450000048       1.31801856    
  0.500000060       1.26597035    
  0.550000072       1.21850657    
  0.600000083       1.17556846    
  0.650000095       1.13709283    
  0.700000107       1.10300791    
  0.750000119       1.07324791    
  0.800000131       1.04773772    
  0.850000143       1.02639878    
  0.900000155       1.00914907    
  0.950000167      0.995903432    
   1.00000012      0.986573517    
   1.05000007      0.981068134    
   1.10000002      0.979297876    
   1.14999998      0.981151640    
   1.19999993      0.986545086    
   1.24999988      0.995371401    
   1.29999983       1.00752664    
   1.34999979       1.02290463    
   1.39999974       1.04139721    
   1.44999969       1.06289411    
   1.49999964       1.08728313    
   1.54999959       1.11445045    
   1.59999955       1.14428031    
   1.64999950       1.17665553    
   1.69999945       1.21145725    
   1.74999940       1.24856508    
   1.79999936       1.28785217    
   1.84999931       1.32920051    
   1.89999926       1.37248588    
   1.94999921       1.41758263    
   1.99999917       1.46436405    
   2.04999924       1.51270235    
   2.09999919       1.56246853    
   2.14999914       1.61353278    
   2.19999909       1.66576421    
   2.24999905       1.71903098    
   2.29999900       1.77320051    
   2.34999895       1.82813931    
   2.39999890       1.88371325    
   2.44999886       1.93978715    
   2.49999881       1.99622548    
   2.54999876       2.05289173    
   2.59999871       2.10964894    
   2.64999866       2.16635919    
   2.69999862       2.22288442    
   2.74999857       2.27908587    
   2.79999852       2.33482432    
   2.84999847       2.38995957    
   2.89999843       2.44435167    
   2.94999838       2.49785948    
   2.99999833       2.55034208    
   3.04999828       2.60165763    
   3.09999824       2.65166402    
   3.14999819       2.70021892    
   3.19999814       2.74717951    
   3.24999809       2.79240274    
   3.29999804       2.83574510    
   3.34999800       2.87706304    
   3.39999795       2.91621208    
   3.44999790       2.95305300    
   3.49999785       2.98743582    
   3.54999781       3.01921558    
   3.59999776       3.04824710    
   3.64999771       3.07438517    
   3.69999766       3.09748411    
   3.74999762       3.11739826    
   3.79999757       3.13398147    
   3.84999752       3.14708757    
   3.89999747       3.15657043    
   3.94999743       3.16228342    
   3.99999738       3.16407514    
   4.04999733       3.16180849    
   4.09999752       3.15533137    
   4.14999771       3.14449644    
   4.19999790       3.12915683    
   4.24999809       3.10916495    
   4.29999828       3.08437324    
   4.34999847       3.05463409    
   4.39999866       3.01979971    
   4.44999886       2.97972751    
   4.49999905       2.93426466    
   4.54999924       2.88326311    
   4.59999943       2.82657480    
   4.64999962       2.76405144    
   4.69999981       2.69554472    
   4.75000000       2.62090611    
   4.80000019       2.53998709    
   4.85000038       2.45263934    
   4.90000057       2.35871410    
   4.95000076       2.25806260    
   5.00000095       2.15053630    
