   0.00000000       1.60000002    
   5.00000007E-02   1.52392793    
  0.100000001       1.45182705    
  0.150000006       1.38373208    
  0.200000003       1.31966901    
  0.250000000       1.25965536    
  0.300000012       1.20370066    
  0.350000024       1.15180695    
  0.400000036       1.10396886    
  0.450000048       1.06017423    
  0.500000060       1.02040422    
  0.550000072      0.984629333    
  0.600000083      0.952823997    
  0.650000095      0.924951494    
  0.700000107      0.900969863    
  0.750000119      0.880831897    
  0.800000131      0.864485502    
  0.850000143      0.851873934    
  0.900000155      0.842935979    
  0.950000167      0.837606251    
   1.00000012      0.835819960    
   1.05000007      0.837489843    
   1.10000002      0.842552841    
   1.14999998      0.850924015    
   1.19999993      0.862519562    
   1.24999988      0.877252579    
   1.29999983      0.895033240    
   1.34999979      0.915768743    
   1.39999974      0.939363658    
   1.44999969      0.965719819    
   1.49999964      0.994736791    
   1.54999959       1.02631164    
   1.59999955       1.06033909    
   1.64999950       1.09671199    
   1.69999945       1.13531590    
   1.74999940       1.17604458    
   1.79999936       1.21878505    
   1.84999931       1.26342237    
   1.89999926       1.30983996    
   1.94999921       1.35791981    
   1.99999917       1.40754235    
   2.04999924       1.45858634    
   2.09999919       1.51092947    
   2.14999914       1.56444788    
   2.19999909       1.61901665    
   2.24999905       1.67450953    
   2.29999900       1.73079908    
   2.34999895       1.78775704    
   2.39999890       1.84525394    
   2.44999886       1.90315926    
   2.49999881       1.96134174    
   2.54999876       2.01966906    
   2.59999871       2.07800817    
   2.64999866       2.13622522    
   2.69999862       2.19418550    
   2.74999857       2.25175357    
   2.79999852       2.30879354    
   2.84999847       2.36516857    
   2.89999843       2.42074108    
   2.94999838       2.47537327    
   2.99999833       2.52892661    
   3.04999828       2.58126187    
   3.09999824       2.63223958    
   3.14999819       2.68171954    
   3.19999814       2.72956109    
   3.24999809       2.77562332    
   3.29999804       2.81976485    
   3.34999800       2.86184359    
   3.39999795       2.90171742    
   3.44999790       2.93924880    
   3.49999785       2.97428894    
   3.54999781       3.00669479    
   3.59999776       3.03632259    
   3.64999771       3.06302857    
   3.69999766       3.08666825    
   3.74999762       3.10709739    
   3.79999757       3.12417126    
   3.84999752       3.13774467    
   3.89999747       3.14767265    
   3.94999743       3.15380931    
   3.99999738       3.15600944    
   4.04999733       3.15413165    
   4.09999752       3.14802003    
   4.14999771       3.13753343    
   4.19999790       3.12252545    
   4.24999809       3.10284948    
   4.29999828       3.07835865    
   4.34999847       3.04890585    
   4.39999866       3.01434422    
   4.44999886       2.97453189    
   4.49999905       2.92931652    
   4.54999924       2.87855077    
   4.59999943       2.82208681    
   4.64999962       2.75977707    
   4.69999981       2.69147372    
   4.75000000       2.61702895    
   4.80000019       2.53629470    
   4.85000038       2.44912291    
   4.90000057       2.35536528    
   4.95000076       2.25487328    
   5.00000095       2.14749885    
